2
19
25
36
38
58
64
79
85
104
113
118
134
141
149
160
175
183
187
202
203
210
217
228
241
255
261
264
269
269
330
338
339
374
376
389
406
436
440
454
477
483
492
500
510
511
511
514
515
519
536
548
552
574
593
643
653
658
672
692
712
716
723
726
737
747
752
766
788
805
808
818
825
837
845
866
870
870
871
886
910
914
918
931
945
950
983
997
1006
1007
1015
1015
1048
1052
1055
1073
1074
1091
1092
1094
1100
1103
1112
1140
1142
1146
1165
1174
1175
1190
1192
1218
1224
1226
1229
1249
1263
1267
1274
1288
1290
1291
1310
1317
1317
1363
1395
1430
1436
1443
1445
1457
1462
1466
1487
1496
1501
1508
1513
1521
1526
1548
1555
1565
1578
1585
1594
1605
1614
1616
1622
1637
1638
1643
1666
1680
1682
1705
1756
1768
1788
1797
1809
1810
1815
1819
1853
1855
1867
1870
1881
1889
1891
1902
1930
1933
1944
1950
1953
1965
1967
1973
1985
1996
2019
2028
2034
2060
2081
2083
2098
2101
2138
2142
2142
2147
2153
2163
2164
2195
2196
2215
2222
2232
2235
2277
2280
2288
2290
2308
2319
2338
2339
2349
2366
2378
2413
2435
2440
2443
2452
2460
2478
2490
2502
2503
2511
2515
2528
2532
2541
2548
2555
2556
2560
2577
2581
2602
2609
2630
2632
2634
2636
2646
2648
2654
2662
2667
2672
2676
2681
2687
2692
2698
2711
2717
2737
2750
2753
2763
2770
2773
2782
2785
2795
2822
2825
2826
2836
2845
2845
2853
2859
2868
2874
2898
2899
2903
2917
2925
2928
2931
2941
2942
2946
2948
2956
2958
2964
2974
2979
2998
3007
3009
3029
3030
3031
3039
3042
3058
3059
3066
3070
3071
3078
3081
3088
3104
3106
3125
3135
3169
3175
3176
3177
3180
3185
3226
3256
3262
3267
3284
3294
3312
3321
3323
3323
3324
3325
3374
3375
3382
3386
3393
3396
3398
3400
3405
3405
3409
3409
3421
3425
3428
3429
3449
3470
3505
3509
3512
3525
3528
3548
3564
3567
3577
3579
3597
3599
3602
3609
3610
3626
3645
3651
3661
3676
3677
3682
3690
3695
3697
3702
3716
3719
3719
3722
3726
3750
3751
3782
3794
3799
3802
3810
3811
3817
3823
3831
3843
3850
3856
3868
3872
3883
3885
3895
3900
3903
3911
3914
3936
3937
3944
3961
3966
3982
3983
3993
4012
4034
4037
4041
4050
4051
4065
4077
4080
4098
4098
4112
4121
4123
4127
4128
4140
4152
4160
4162
4172
4178
4188
4208
4229
4237
4289
4303
4304
4352
4354
4357
4398
4436
4444
4444
4450
4452
4468
4490
4493
4496
4497
4499
4507
4512
4516
4527
4564
4578
4588
4605
4608
4626
4640
4651
4655
4672
4675
4685
4699
4701
4704
4722
4727
4728
4741
4749
4756
4761
4771
4790
4812
4812
4816
4821
4824
4827
4829
4833
4849
4856
4884
4909
4936
4939
4940
4942
4992
4992
4994
4997
5000
5009
5017
5018
5018
5020
5030
5039
5069
5078
5092
5093
5096
5106
5109
5113
5125
5130
5138
5141
5147
5150
5175
5177
5180
5184
5184
5236
5249
5253
5253
5267
5269
5284
5287
5307
5309
5309
5323
5329
5331
5337
5341
5355
5380
5411
5418
5421
5422
5451
5461
5485
5515
5526
5531
5532
5552
5559
5571
5603
5619
5633
5633
5637
5639
5654
5658
5660
5666
5690
5697
5707
5718
5723
5725
5733
5740
5744
5751
5752
5774
5782
5784
5818
5835
5841
5877
5879
5880
5881
5885
5900
5923
5924
5932
5935
5937
5960
5962
5968
5979
5986
5992
6002
6003
6003
6027
6046
6048
6051
6090
6095
6099
6108
6116
6125
6129
6133
6137
6150
6151
6155
6162
6168
6176
6182
6184
6186
6187
6190
6199
6262
6276
6287
6292
6295
6307
6325
6330
6331
6351
6360
6360
6374
6397
6403
6413
6416
6425
6450
6462
6480
6496
6564
6565
6572
6638
6640
6658
6673
6673
6675
6709
6712
6713
6732
6736
6737
6740
6753
6773
6773
6782
6785
6788
6825
6830
6842
6843
6855
6859
6875
6886
6891
6912
6924
6946
6957
6965
6969
6988
7008
7021
7047
7057
7059
7066
7073
7076
7089
7128
7139
7140
7141
7143
7155
7157
7159
7169
7179
7179
7182
7189
7217
7225
7275
7296
7300
7353
7356
7369
7374
7379
7386
7391
7394
7396
7446
7446
7464
7475
7490
7507
7531
7538
7554
7555
7558
7567
7573
7577
7582
7597
7606
7607
7610
7612
7625
7636
7637
7647
7651
7655
7671
7673
7674
7685
7689
7721
7725
7726
7729
7730
7737
7738
7744
7745
7756
7761
7773
7780
7808
7809
7863
7866
7880
7907
7920
7928
7932
7952
7959
7963
7971
8030
8048
8054
8063
8076
8086
8087
8087
8095
8095
8108
8109
8124
8128
8130
8132
8134
8140
8146
8165
8173
8181
8182
8210
8217
8227
8230
8231
8231
8238
8244
8245
8248
8265
8265
8271
8298
8298
8312
8319
8321
8324
8328
8329
8351
8358
8361
8375
8381
8410
8412
8423
8427
8429
8434
8439
8440
8456
8462
8469
8478
8483
8488
8489
8512
8514
8517
8525
8536
8544
8554
8575
8577
8583
8590
8591
8609
8614
8619
8634
8671
8674
8674
8677
8681
8686
8689
8703
8706
8715
8720
8734
8758
8765
8767
8771
8772
8776
8788
8800
8819
8837
8844
8849
8859
8875
8888
8894
8925
8947
8957
8979
9006
9014
9019
9028
9062
9071
9072
9074
9091
9102
9103
9111
9112
9116
9129
9138
9155
9182
9183
9193
9214
9220
9243
9247
9265
9279
9287
9292
9295
9296
9311
9325
9332
9341
9343
9344
9345
9354
9358
9370
9377
9384
9385
9388
9404
9404
9414
9432
9437
9445
9453
9474
9488
9496
9521
9522
9530
9550
9564
9567
9570
9579
9602
9625
9641
9646
9649
9656
9671
9679
9690
9699
9716
9746
9771
9775
9776
9783
9806
9828
9844
9850
9858
9872
9873
9886
9891
9897
9920
9930
9950
9989
10007
10009
10011
10014
10023
10024
10031
10040
10040
10051
10051
10067
10073
10074
10087
10093
10099
10115
10146
10150
10173
10193
10195
10217
10255
10262
10270
10278
10292
10303
10321
10341
10341
10345
10350
10356
10357
10362
10366
10374
10384
10415
10417
10421
10427
10436
10453
10469
10472
10483
10485
10486
10490
10493
10499
10520
10529
10547
10552
10558
10561
10561
10564
10585
10593
10597
10605
10623
10633
10645
10668
10673
10682
10718
10737
10751
10762
10774
10776
10800
10805
10809
10815
10830
10836
10837
10866
10912
10925
10932
10934
10936
10974
10975
10991
11000
11011
11013
11015
11016
11027
11040
11041
11047
11057
11060
11064
11081
11091
11093
11162
11171
11180
11182
11183
11195
11195
11200
11200
11214
11215
11216
11217
11217
11236
11248
11252
11255
11256
11258
11299
11308
11327
11333
11358
11363
11386
11386
11394
11403
11406
11439
11451
11456
11461
11463
11492
11503
11518
11525
11546
11551
11560
11605
11609
11617
11619
11632
11635
11649
11659
11684
11695
11697
11699
11719
11720
11733
11736
11737
11739
11745
11749
11768
11771
11789
11818
11827
11831
11842
11870
11886
11887
11887
11903
11914
11917
11939
11951
11959
11964
11967
11996
12012
12030
12032
12034
12054
12077
12077
12083
12088
12089
12094
12129
12135
12163
12167
12193
12200
12201
12211
12216
12233
12240
12254
12260
12284
12288
12294
12299
12312
12315
12319
12323
12340
12346
12377
12383
12399
12407
12441
12443
12448
12457
12466
12472
12488
12499
12501
12502
12508
12509
12516
12525
12532
12533
12535
12539
12548
12578
12579
12581
12583
12595
12599
12645
12655
12660
12678
12740
12746
12750
12779
12786
12788
12789
12799
12808
12816
12830
12831
12842
12849
12855
12856
12857
12869
12874
12877
12915
12920
12948
12954
13032
13039
13051
13086
13086
13091
13096
13098
13100
13104
13113
13115
13129
13130
13130
13140
13140
13179
13182
13199
13219
13221
13223
13227
13235
13237
13242
13291
13313
13316
13340
13346
13346
13353
13355
13370
13378
13385
13404
13407
13412
13416
13423
13427
13431
13447
13455
13458
13461
13464
13482
13492
13496
13516
13536
13543
13544
13544
13551
13567
13579
13594
13599
13636
13640
13641
13658
13665
13671
13673
13684
13685
13691
13701
13704
13713
13727
13757
13767
13782
13782
13789
13801
13837
13843
13876
13892
13894
13910
13912
13915
13920
13928
13947
13954
13955
13976
13992
13998
14003
14006
14009
14029
14029
14041
14041
14047
14048
14059
14059
14064
14070
14073
14079
14120
14123
14149
14157
14175
14177
14189
14190
14204
14210
14213
14227
14230
14232
14252
14282
14286
14295
14306
14311
14318
14319
14320
14320
14336
14369
14378
14386
14394
14400
14404
14423
14435
14451
14451
14468
14492
14493
14499
14503
14552
14567
14570
14570
14574
14575
14593
14597
14605
14610
14626
14640
14658
14699
14699
14701
14707
14722
14726
14741
14768
14770
14775
14782
14788
14800
14800
14814
14817
14824
14828
14846
14852
14854
14871
14873
14895
14900
14908
14914
14934
14939
14962
14979
14983
14987
14998
15009
15040
15044
15079
15126
15129
15131
15138
15149
15149
15157
15173
15208
15214
15216
15223
15250
15253
15261
15278
15279
15303
15310
15322
15327
15339
15340
15354
15381
15387
15410
15417
15430
15436
15443
15444
15458
15496
15530
15531
15539
15545
15546
15557
15567
15569
15583
15584
15598
15602
15614
15632
15639
15639
15647
15650
15657
15660
15664
15682
15695
15695
15716
15717
15727
15732
15740
15746
15750
15753
15756
15757
15758
15759
15768
15782
15791
15794
15796
15798
15802
15831
15836
15837
15843
15843
15849
15860
15869
15890
15908
15923
15931
15932
15935
15940
15945
15962
15963
15984
15992
16008
16017
16029
16032
16042
16057
16060
16065
16074
16105
16109
16118
16156
16166
16169
16171
16176
16188
16194
16212
16255
16256
16257
16260
16268
16276
16292
16306
16308
16312
16315
16318
16319
16331
16334
16337
16346
16347
16358
16359
16361
16362
16376
16377
16389
16390
16407
16417
16431
16461
16461
16465
16474
16477
16494
16508
16511
16530
16533
16535
16558
16560
16597
16601
16602
16607
16611
16623
16639
16655
16657
16662
16668
16690
16691
16693
16711
16725
16734
16737
16744
16749
16749
16751
16824
16835
16855
16871
16892
16897
16899
16904
16944
16952
17004
17008
17015
17016
17020
17029
17029
17049
17050
17056
17056
17064
17092
17093
17153
17154
17158
17178
17180
17181
17183
17193
17206
17214
17226
17227
17237
17239
17244
17265
17278
17284
17286
17287
17306
17314
17318
17318
17320
17336
17346
17357
17362
17362
17378
17385
17399
17400
17400
17408
17430
17448
17453
17454
17455
17455
17464
17469
17476
17479
17484
17493
17497
17513
17532
17539
17547
17548
17550
17553
17564
17575
17586
17591
17612
17617
17619
17623
17651
17652
17653
17662
17664
17667
17669
17674
17675
17681
17683
17692
17692
17716
17729
17729
17731
17732
17736
17740
17740
17762
17765
17785
17789
17794
17799
17814
17815
17840
17844
17859
17874
17881
17895
17907
17927
17933
17947
17958
17959
17962
17974
17983
17989
18003
18007
18011
18066
18077
18077
18091
18091
18101
18116
18119
18122
18126
18144
18148
18152
18157
18178
18218
18219
18227
18232
18237
18287
18288
18299
18299
18303
18307
18316
18319
18325
18330
18334
18340
18345
18382
18385
18401
18401
18413
18427
18432
18452
18462
18493
18505
18512
18525
18541
18556
18595
18609
18621
18631
18633
18644
18658
18685
18686
18691
18708
18710
18719
18724
18728
18741
18755
18757
18763
18770
18781
18784
18804
18819
18840
18844
18846
18851
18860
18862
18866
18873
18874
18877
18894
18911
18917
18928
18934
18951
18963
18974
18978
18989
18990
18994
19016
19037
19044
19053
19054
19057
19061
19068
19084
19091
19094
19099
19121
19141
19150
19157
19163
19165
19178
19194
19212
19218
19240
19252
19280
19286
19291
19297
19297
19299
19316
19355
19364
19365
19399
19418
19420
19420
19440
19487
19497
19505
19528
19531
19588
19593
19594
19595
19602
19604
19610
19617
19620
19641
19647
19649
19651
19653
19658
19662
19671
19674
19680
19696
19716
19722
19732
19756
19774
19789
19803
19809
19817
19819
19825
19834
19837
19845
19866
19868
19872
19878
19902
19919
19922
19925
19927
19933
19939
19945
19949
19954
19962
19965
19986
19991
20025
20041
20042
20067
20075
20097
20108
20123
20136
20139
20148
20159
20162
20170
20177
20177
20179
20186
20190
20192
20211
20222
20225
20229
20238
20246
20266
20267
20270
20289
20291
20328
20335
20337
20349
20358
20362
20370
20372
20375
20392
20416
20443
20447
20468
20483
20487
20495
20533
20547
20566
20570
20577
20585
20589
20589
20611
20620
20623
20645
20647
20649
20660
20674
20684
20687
20707
20710
20712
20717
20730
20746
20746
20751
20755
20764
20768
20769
20779
20787
20792
20815
20871
20884
20886
20888
20907
20933
20935
20937
20947
20952
20979
20994
21013
21024
21048
21049
21053
21057
21073
21075
21080
21093
21117
21122
21149
21152
21162
21165
21171
21172
21174
21185
21186
21197
21197
21210
21216
21221
21228
21230
21230
21238
21247
21263
21280
21281
21322
21340
21342
21343
21345
21371
21374
21377
21385
21406
21418
21418
21440
21455
21458
21458
21460
21468
21490
21498
21503
21505
21526
21534
21559
21561
21572
21603
21686
21690
21703
21714
21720
21724
21737
21739
21740
21756
21766
21767
21786
21787
21794
21794
21804
21818
21839
21841
21846
21847
21856
21865
21913
21921
21931
21936
21938
21951
21970
21971
21990
21997
22014
22021
22032
22066
22077
22089
22090
22108
22117
22120
22129
22143
22145
22149
22156
22165
22172
22174
22185
22191
22199
22206
22219
22225
22230
22234
22236
22251
22258
22260
22337
22350
22354
22367
22380
22383
22401
22406
22407
22453
22480
22500
22522
22546
22555
22564
22572
22607
22619
22624
22626
22637
22642
22649
22657
22660
22678
22691
22721
22746
22778
22780
22789
22796
22799
22802
22825
22856
22857
22868
22870
22875
22876
22885
22889
22908
22931
22932
22941
22950
22972
22973
22986
23015
23019
23040
23062
23072
23084
23085
23099
23104
23104
23114
23119
23130
23135
23143
23147
23159
23166
23167
23188
23195
23205
23209
23227
23229
23229
23231
23235
23236
23251
23259
23261
23276
23276
23288
23293
23295
23296
23311
23316
23353
23358
23375
23385
23398
23399
23403
23413
23421
23423
23428
23440
23466
23480
23485
23488
23490
23521
23534
23536
23538
23546
23550
23551
23566
23571
23591
23592
23619
23622
23648
23660
23668
23674
23685
23701
23712
23713
23727
23731
23736
23751
23758
23772
23778
23780
23788
23823
23833
23850
23853
23862
23871
23880
23884
23885
23912
23925
23932
23932
23978
24000
24015
24032
24054
24065
24076
24151
24180
24186
24212
24213
24214
24218
24236
24237
24238
24240
24240
24252
24260
24262
24263
24287
24298
24303
24326
24332
24333
24337
24341
24360
24367
24374
24380
24382
24384
24387
24392
24393
24395
24396
24411
24425
24429
24448
24453
24455
24465
24465
24467
24482
24485
24497
24503
24506
24511
24515
24518
24532
24539
24539
24540
24546
24549
24557
24573
24587
24592
24596
24610
24610
24610
24615
24615
24693
24695
24697
24702
24707
24719
24719
24732
24739
24740
24753
24755
24759
24771
24775
24783
24785
24798
24802
24807
24813
24815
24817
24821
24840
24843
24843
24845
24852
24864
24866
24867
24869
24870
24896
24908
24909
24912
24928
24932
24937
24940
24950
24954
24966
24971
24972
24979
24981
24983
24989
24992
24998
25007
25007
25019
25021
25032
25051
25081
25093
25102
25104
25132
25147
25147
25153
25161
25167
25172
25173
25192
25194
25195
25199
25221
25231
25235
25266
25300
25303
25306
25316
25329
25337
25347
25352
25352
25352
25357
25387
25392
25400
25420
25421
25426
25429
25452
25453
25463
25474
25501
25509
25511
25521
25521
25529
25530
25556
25564
25568
25576
25584
25592
25624
25624
25657
25696
25696
25700
25703
25709
25714
25750
25767
25789
25792
25798
25817
25821
25830
25852
25855
25866
25890
25905
25924
25936
25941
25978
25980
25983
25988
25991
25992
26000
26011
26031
26038
26048
26052
26060
26067
26068
26086
26094
26118
26126
26137
26137
26144
26149
26164
26168
26170
26171
26186
26188
26210
26211
26212
26236
26241
26252
26254
26255
26256
26300
26315
26318
26325
26329
26341
26342
26344
26354
26359
26368
26382
26393
26416
26426
26435
26442
26451
26455
26456
26459
26465
26468
26471
26485
26486
26489
26496
26509
26519
26524
26525
26537
26544
26550
26551
26559
26608
26612
26612
26624
26626
26629
26629
26632
26632
26632
26661
26663
26711
26718
26760
26768
26773
26778
26789
26789
26793
26798
26801
26810
26811
26826
26857
26867
26872
26875
26876
26880
26892
26908
26910
26927
26928
26932
26940
26947
26977
26990
26992
26995
26998
27003
27026
27033
27042
27051
27061
27083
27083
27093
27100
27100
27102
27105
27106
27112
27121
27125
27132
27135
27135
27139
27176
27177
27180
27186
27191
27214
27219
27231
27233
27254
27260
27265
27279
27288
27310
27312
27316
27324
27326
27343
27349
27359
27380
27397
27404
27405
27420
27421
27428
27432
27489
27502
27504
27529
27535
27538
27541
27554
27562
27576
27577
27586
27593
27600
27607
27613
27614
27625
27627
27643
27663
27664
27670
27673
27674
27675
27676
27683
27700
27704
27725
27752
27755
27756
27758
27760
27776
27791
27794
27820
27821
27845
27847
27853
27855
27885
27904
27909
27916
27936
27946
27946
27976
27983
27998
28003
28004
28007
28008
28018
28021
28038
28042
28049
28050
28063
28064
28076
28097
28102
28106
28126
28127
28159
28160
28161
28171
28177
28181
28196
28204
28209
28217
28223
28265
28297
28298
28316
28339
28353
28363
28374
28395
28407
28414
28416
28420
28428
28476
28480
28514
28514
28516
28539
28554
28558
28567
28582
28589
28603
28604
28605
28612
28626
28638
28641
28643
28649
28672
28677
28680
28683
28697
28706
28713
28717
28718
28725
28734
28747
28779
28790
28791
28795
28797
28801
28809
28810
28835
28837
28840
28862
28878
28887
28905
28907
28908
28926
28936
28953
28960
28962
28968
28983
28986
28998
29030
29053
29069
29079
29102
29111
29123
29142
29143
29151
29158
29165
29165
29167
29182
29185
29194
29201
29215
29258
29265
29268
29272
29282
29293
29310
29328
29331
29331
29346
29361
29436
29442
29447
29459
29460
29464
29502
29514
29515
29533
29538
29540
29566
29568
29572
29602
29602
29623
29646
29675
29675
29676
29710
29711
29713
29718
29721
29727
29735
29750
29753
29755
29759
29762
29765
29786
29799
29803
29828
29859
29888
29893
29919
29927
29938
29947
29955
29983
30007
30023
30040
30065
30078
30125
30125
30127
30131
30163
30166
30196
30198
30231
30231
30278
30284
30295
30309
30317
30320
30328
30375
30377
30381
30382
30386
30388
30403
30410
30444
30462
30466
30472
30479
30491
30497
30504
30522
30523
30558
30563
30569
30569
30580
30590
30624
30624
30636
30642
30648
30654
30657
30669
30696
30719
30730
30756
30762
30769
30780
30795
30805
30825
30836
30838
30847
30849
30853
30859
30864
30868
30869
30875
30895
30901
30903
30909
30911
30925
30925
30930
30932
30934
30939
30940
30954
30966
30980
30983
30992
30996
31057
31088
31095
31113
31114
31117
31122
31129
31135
31147
31165
31178
31180
31188
31204
31207
31208
31216
31237
31248
31280
31287
31295
31298
31302
31312
31329
31334
31339
31350
31373
31383
31389
31402
31402
31423
31441
31447
31467
31501
31546
31551
31558
31559
31561
31561
31563
31576
31580
31583
31602
31608
31617
31625
31641
31644
31646
31662
31684
31697
31711
31725
31726
31744
31747
31758
31766
31787
31792
31804
31817
31820
31824
31826
31831
31840
31860
31875
31886
31897
31900
31907
31911
31918
31922
31926
31927
31928
31929
31934
31944
31954
31958
31963
31989
31989
32006
32011
32015
32025
32028
32053
32055
32083
32098
32107
32123
32130
32134
32150
32159
32169
32178
32193
32198
32200
32212
32215
32218
32273
32277
32285
32296
32299
32338
32338
32338
32338
32341
32370
32372
32376
32390
32414
32430
32432
32444
32445
32448
32482
32516
32516
32531
32577
32612
32616
32622
32630
32633
32665
32677
32683
32685
32691
32716
32718
32765
32767
32787
32789
32793
32793
32798
32805
32808
32811
32814
32819
32830
32846
32846
32847
32851
32877
32878
32882
32890
32895
32921
32972
32973
32974
32977
32996
33000
33018
33028
33059
33061
33063
33068
33069
33082
33133
33135
33158
33161
33170
33172
33187
33191
33200
33201
33205
33211
33218
33224
33224
33234
33237
33260
33301
33303
33315
33316
33318
33323
33334
33336
33337
33349
33379
33383
33384
33384
33386
33387
33391
33397
33399
33409
33419
33426
33434
33442
33489
33494
33498
33507
33546
33547
33549
33551
33554
33572
33573
33582
33602
33621
33625
33637
33637
33657
33672
33678
33678
33678
33686
33691
33720
33720
33730
33744
33757
33760
33761
33774
33776
33790
33800
33813
33818
33823
33846
33851
33866
33886
33894
33903
33908
33917
33936
33938
33942
33950
33950
33951
33954
33956
33965
33983
33984
33993
34002
34004
34008
34023
34024
34029
34045
34052
34055
34060
34079
34091
34092
34116
34144
34144
34149
34169
34175
34180
34184
34187
34192
34194
34197
34204
34209
34212
34213
34233
34237
34285
34293
34299
34299
34305
34317
34340
34348
34353
34354
34361
34373
34382
34388
34389
34397
34412
34422
34427
34428
34478
34481
34482
34515
34518
34518
34533
34539
34542
34552
34585
34605
34615
34616
34620
34636
34650
34664
34664
34672
34673
34683
34707
34720
34720
34720
34723
34723
34723
34734
34740
34741
34753
34754
34758
34770
34783
34784
34788
34792
34809
34817
34823
34831
34833
34842
34842
34844
34855
34861
34866
34881
34882
34902
34928
34932
34935
34941
34948
34955
34955
34956
34960
34962
34965
34987
35009
35025
35027
35036
35047
35056
35092
35103
35118
35125
35128
35139
35144
35147
35157
35157
35170
35180
35185
35190
35193
35194
35200
35207
35213
35215
35217
35224
35227
35230
35241
35242
35253
35259
35261
35285
35287
35292
35295
35297
35304
35325
35333
35353
35381
35381
35400
35407
35410
35413
35414
35422
35438
35445
35484
35494
35502
35515
35531
35541
35543
35551
35554
35565
35565
35571
35580
35592
35594
35620
35626
35644
35647
35649
35664
35666
35683
35692
35693
35709
35713
35716
35734
35738
35747
35753
35768
35769
35784
35787
35792
35794
35799
35800
35810
35812
35829
35833
35835
35837
35840
35841
35842
35844
35860
35873
35881
35895
35895
35918
35923
35925
35946
35949
35987
36015
36016
36027
36036
36046
36050
36051
36069
36075
36078
36100
36147
36156
36172
36211
36215
36217
36231
36232
36235
36240
36252
36259
36271
36287
36308
36352
36363
36383
36385
36387
36416
36420
36424
36439
36443
36458
36473
36475
36500
36511
36514
36518
36532
36543
36553
36553
36557
36564
36572
36579
36582
36589
36593
36614
36644
36646
36656
36665
36673
36677
36680
36689
36706
36710
36738
36760
36783
36806
36813
36830
36846
36847
36857
36860
36873
36884
36912
36923
36934
36940
36950
36950
36957
36964
36967
36980
36997
36997
37000
37015
37016
37026
37032
37035
37036
37040
37050
37052
37073
37077
37093
37096
37098
37106
37111
37113
37121
37138
37142
37153
37164
37166
37167
37174
37178
37197
37201
37202
37227
37233
37240
37240
37241
37243
37246
37255
37272
37274
37283
37286
37291
37297
37297
37319
37324
37335
37337
37338
37346
37351
37353
37355
37362
37364
37368
37370
37373
37385
37398
37410
37429
37454
37470
37484
37484
37488
37507
37541
37547
37579
37592
37600
37609
37628
37635
37643
37643
37658
37673
37687
37709
37720
37732
37732
37733
37778
37779
37786
37791
37802
37809
37848
37850
37855
37867
37873
37909
37918
37923
37924
37931
37954
37963
37965
37972
37972
37983
37990
37997
38004
38012
38014
38015
38015
38018
38026
38031
38037
38048
38055
38056
38075
38095
38104
38111
38111
38113
38120
38123
38130
38134
38136
38139
38149
38164
38164
38165
38198
38215
38232
38259
38279
38281
38306
38326
38337
38338
38345
38345
38348
38352
38353
38378
38383
38386
38403
38409
38414
38439
38456
38470
38474
38490
38495
38496
38502
38503
38510
38516
38516
38551
38553
38556
38574
38577
38578
38587
38589
38590
38618
38645
38646
38649
38652
38664
38675
38675
38690
38694
38746
38770
38771
38782
38783
38786
38786
38794
38800
38804
38819
38822
38826
38830
38836
38840
38846
38858
38864
38864
38874
38886
38892
38910
38912
38915
38943
38953
38956
38973
38998
39007
39031
39035
39039
39058
39078
39078
39079
39086
39093
39098
39109
39132
39149
39150
39157
39181
39188
39196
39203
39205
39215
39225
39242
39244
39245
39249
39251
39257
39262
39266
39286
39291
39296
39298
39349
39358
39376
39393
39396
39429
39456
39456
39475
39491
39511
39520
39522
39535
39559
39572
39580
39590
39596
39599
39605
39608
39617
39635
39642
39657
39658
39660
39660
39663
39667
39670
39671
39671
39691
39703
39709
39709
39711
39732
39736
39746
39756
39764
39774
39787
39790
39790
39792
39825
39850
39865
39877
39883
39901
39915
39933
39943
39951
39953
39962
39967
39971
39980
39987
40018
40019
40026
40027
40039
40041
40041
40044
40092
40108
40129
40141
40154
40169
40195
40200
40202
40213
40216
40216
40227
40231
40233
40238
40247
40260
40264
40285
40285
40337
40340
40341
40344
40352
40353
40356
40365
40370
40374
40375
40383
40391
40399
40406
40427
40433
40463
40497
40522
40526
40546
40577
40584
40585
40615
40637
40651
40659
40662
40697
40699
40722
40725
40750
40757
40763
40766
40767
40776
40785
40791
40807
40824
40851
40858
40874
40893
40901
40903
40906
40912
40916
40920
40923
40925
40934
40974
40985
41002
41003
41004
41019
41022
41024
41038
41059
41066
41092
41102
41103
41103
41105
41119
41135
41144
41149
41152
41177
41187
41190
41194
41205
41219
41228
41235
41239
41244
41248
41263
41295
41299
41301
41313
41318
41326
41335
41353
41361
41363
41364
41368
41369
41398
41400
41425
41428
41452
41455
41465
41473
41495
41497
41506
41506
41531
41545
41549
41552
41556
41558
41559
41586
41610
41612
41618
41661
41664
41702
41712
41717
41719
41760
41760
41763
41773
41795
41799
41814
41826
41839
41851
41854
41863
41864
41869
41870
41873
41880
41881
41894
41899
41900
41924
41928
41935
41947
41971
41973
41977
41977
41995
41996
42013
42014
42016
42031
42031
42034
42051
42073
42073
42086
42103
42126
42133
42150
42165
42196
42197
42219
42221
42230
42246
42258
42261
42271
42284
42301
42306
42308
42329
42367
42391
42400
42421
42437
42442
42460
42464
42475
42495
42522
42522
42532
42555
42559
42563
42588
42604
42609
42614
42619
42620
42637
42640
42642
42663
42668
42669
42670
42675
42694
42697
42717
42720
42721
42724
42732
42745
42763
42787
42789
42809
42811
42817
42820
42831
42847
42850
42867
42884
42899
42907
42922
42925
42932
42951
42951
42957
42969
42984
42985
42999
43002
43003
43008
43017
43037
43050
43057
43057
43062
43069
43081
43083
43093
43100
43136
43161
43195
43200
43202
43203
43209
43224
43232
43243
43247
43264
43290
43293
43296
43333
43338
43347
43350
43352
43352
43358
43363
43370
43372
43374
43376
43378
43378
43402
43406
43414
43416
43432
43436
43440
43440
43441
43443
43446
43448
43458
43478
43485
43490
43496
43506
43512
43520
43521
43528
43536
43539
43548
43562
43576
43583
43595
43608
43626
43626
43628
43632
43634
43635
43657
43659
43671
43673
43686
43687
43691
43709
43713
43736
43741
43748
43748
43766
43766
43767
43769
43784
43793
43803
43806
43808
43822
43825
43835
43843
43844
43856
43858
43862
43897
43900
43901
43906
43928
43940
43960
43994
44002
44004
44014
44026
44028
44044
44056
44069
44084
44095
44099
44101
44107
44118
44124
44145
44145
44156
44205
44215
44219
44219
44223
44241
44262
44262
44276
44277
44280
44280
44297
44299
44306
44309
44320
44329
44333
44342
44345
44345
44363
44371
44387
44392
44404
44407
44422
44435
44438
44449
44457
44463
44463
44464
44486
44498
44513
44528
44546
44553
44566
44581
44582
44598
44628
44629
44632
44638
44653
44661
44666
44673
44683
44686
44701
44701
44714
44755
44759
44771
44783
44787
44792
44794
44796
44815
44864
44865
44875
44876
44877
44880
44895
44907
44921
44924
44927
44927
44928
44934
44951
44959
44970
44991
44993
45012
45061
45061
45062
45071
45080
45081
45110
45119
45124
45130
45133
45145
45166
45175
45192
45197
45216
45225
45228
45229
45233
45236
45264
45294
45302
45311
45321
45336
45396
45403
45405
45405
45406
45409
45421
45422
45423
45440
45445
45448
45461
45463
45470
45476
45497
45502
45514
45515
45521
45522
45524
45524
45527
45533
45533
45538
45544
45559
45579
45599
45599
45603
45607
45621
45637
45652
45653
45657
45667
45668
45676
45685
45700
45719
45720
45721
45725
45737
45738
45743
45746
45750
45757
45773
45777
45808
45816
45817
45820
45826
45875
45880
45880
45880
45883
45884
45891
45911
45933
45933
45940
45954
45956
45965
45978
45982
45982
45988
45992
45995
46011
46027
46032
46032
46040
46047
46067
46069
46078
46081
46084
46095
46104
46107
46109
46123
46124
46125
46129
46166
46183
46192
46197
46198
46208
46221
46233
46235
46236
46244
46252
46275
46308
46314
46328
46336
46340
46370
46378
46384
46391
46393
46395
46417
46431
46439
46441
46476
46509
46519
46521
46530
46533
46541
46547
46558
46597
46611
46657
46661
46665
46666
46678
46735
46736
46743
46762
46789
46808
46827
46828
46858
46891
46898
46907
46911
46920
46924
46943
46947
46949
46956
46958
46962
46967
46978
46978
46981
46984
46997
47033
47033
47039
47044
47065
47072
47080
47092
47094
47100
47109
47132
47136
47152
47152
47154
47160
47166
47166
47189
47190
47191
47199
47206
47208
47219
47256
47288
47297
47305
47317
47357
47361
47367
47372
47373
47374
47381
47402
47403
47405
47409
47416
47420
47425
47429
47435
47456
47477
47484
47485
47486
47502
47512
47525
47533
47534
47558
47563
47568
47584
47586
47591
47597
47604
47608
47615
47616
47621
47641
47672
47676
47708
47711
47717
47726
47758
47791
47798
47819
47825
47831
47859
47877
47881
47882
47887
47895
47911
47918
47926
47962
47989
48017
48038
48043
48059
48062
48111
48117
48124
48132
48156
48165
48169
48185
48193
48196
48206
48211
48225
48239
48260
48266
48280
48291
48293
48299
48301
48318
48323
48334
48338
48345
48352
48353
48355
48360
48361
48371
48380
48390
48393
48412
48419
48441
48459
48467
48489
48496
48502
48524
48528
48544
48545
48565
48565
48569
48599
48600
48603
48617
48620
48633
48642
48648
48664
48666
48669
48672
48675
48723
48727
48733
48744
48751
48755
48765
48778
48795
48797
48819
48824
48841
48846
48856
48880
48886
48908
48934
48937
48958
48964
48967
48968
48979
49010
49033
49050
49063
49068
49078
49091
49119
49120
49137
49137
49141
49146
49177
49199
49202
49210
49212
49217
49238
49245
49246
49247
49255
49256
49263
49266
49306
49317
49318
49320
49325
49347
49351
49360
49361
49361
49363
49366
49367
49376
49387
49388
49389
49393
49394
49398
49429
49444
49445
49455
49463
49491
49527
49533
49537
49539
49548
49553
49564
49572
49575
49576
49580
49586
49592
49600
49604
49611
49630
49648
49650
49667
49668
49669
49677
49678
49708
49719
49730
49733
49738
49751
49773
49786
49807
49807
49818
49819
49824
49870
49875
49901
49905
49909
49914
49920
49932
49961
49971
49979
50000
