1909
6099
5954
1080
2885
37
7638
7367
5675
4202
8695
2129
4534
6274
8813
1373
7434
8541
8553
5542
5126
5549
7176
1822
5624
8416
3441
5137
2403
4340
260
7551
9997
8459
9707
6192
3550
3696
6069
3249
3139
4286
6526
8758
4951
9236
6416
3798
360
907
8612
7198
3957
3194
5959
4602
7412
1871
7657
6223
1971
7736
7945
4264
141
9079
5390
6924
8184
7506
958
1741
1807
1999
500
3847
5463
6126
772
3862
4216
8390
1613
964
4042
4764
8452
1926
5423
1220
8188
4871
3165
3411
5810
1497
6899
1545
4288
9374
9673
8039
8493
7802
7665
9229
9784
7853
2740
2313
2893
7868
9832
120
6754
1240
2425
1571
5458
5984
6452
1496
6290
2618
4591
6068
3364
5311
7159
9791
9449
2983
3529
7660
6173
5459
6605
5485
5948
4454
3079
6387
8872
4359
5130
8180
4510
7960
3652
8063
9577
2881
9405
2724
8530
4333
4351
8077
4283
4403
1766
9746
3119
8188
5532
3548
1017
6618
6038
5519
8010
5013
9444
7776
4534
9991
2888
2249
7338
9836
6536
6813
2112
2392
9088
4065
9633
4494
215
4801
9589
4980
7041
7610
3448
5044
7231
8878
5550
1713
7905
2340
3242
765
2046
1501
6731
2294
9321
9532
6448
2523
2329
1355
5680
5002
9698
8066
7013
9939
6731
4164
569
6437
6682
7140
3475
5406
2190
6498
818
8984
8547
4895
5755
8573
8499
3705
3105
3836
426
3079
9123
7326
304
4517
4945
6879
9495
122
2051
3305
5556
424
5422
4421
4501
2682
7927
7666
838
147
5957
2960
95
7212
5384
9447
1263
7279
3807
4957
7896
4021
7849
4773
5811
7751
9260
3602
2555
6302
8954
1707
9475
8956
4954
8641
2312
38
300
6208
1733
824
6270
3926
3302
9436
3017
6205
1742
9467
3435
3227
112
5595
612
6909
2491
6748
4805
4161
9741
3809
5316
8465
1768
8394
7924
6913
5552
9168
146
4186
4441
3929
3105
2655
2730
8667
9314
6596
6653
4189
2665
1581
1665
7928
8517
1420
6702
6112
6158
8564
7903
6170
4331
1374
4947
1779
5000
2500
3575
5282
9313
4976
6617
2373
5703
6438
6731
4965
7090
1021
1242
3120
5907
4666
3873
7416
6991
1838
841
9222
8287
4138
6984
3092
9585
8616
1027
3327
9877
2551
2027
6760
1833
6756
8850
963
2832
581
7740
8115
9132
8146
6716
2343
1340
1806
7433
58
99
42
6389
9733
5065
1241
4729
3895
6805
3131
3845
7693
9181
2757
5417
7327
6269
2556
9669
2950
2190
1139
278
3453
5478
1826
1320
2499
4678
576
5134
8088
4591
6724
2699
2127
4936
7792
5358
4073
1827
674
2740
503
7982
889
9485
6379
9258
6988
258
8174
3654
7984
6083
3345
460
7636
2205
3625
9627
492
2162
6921
3629
7698
8103
402
6944
2647
9701
9958
9952
9122
3323
435
4925
8910
1049
219
5268
9277
2234
237
5786
6611
613
9539
1263
852
2652
5069
46
479
3476
8416
4627
8258
6705
5898
7491
7860
1421
542
7060
1902
9535
1955
1399
592
847
389
3943
417
5291
4964
8989
7045
4321
8045
8459
5304
6581
1327
3553
6320
3002
5836
6657
3254
5488
9859
5033
3873
7513
9886
3223
6309
6755
8610
3172
4521
4784
7566
2857
3673
5262
412
2534
6124
4774
460
1578
1524
8703
4560
5552
247
8877
6307
761
551
5300
1610
5277
5421
2432
4025
8593
5178
5135
2443
7480
6900
6003
7087
393
5519
5274
1964
6455
9184
2870
8774
7088
8078
917
6877
9808
4189
8443
1545
4351
3972
7985
37
6055
1733
8043
3309
2298
2918
1615
7737
632
5910
9256
6424
5470
3620
1070
7231
799
7757
5327
9735
2763
1193
5376
400
3688
4437
1952
3910
9570
6464
9593
4953
4177
5413
1042
2678
4429
1597
4434
6075
6156
1008
7024
4397
3009
2100
7175
5171
3058
5025
7476
2769
4410
4593
2874
4137
5794
7262
2608
4791
8466
2464
3559
3075
4710
2629
593
4108
705
7449
6955
9068
6469
8047
9696
217
9126
4563
7939
8479
7844
960
8091
2221
2062
6976
941
9650
668
7337
5119
9335
5331
4286
2603
4774
2761
6187
1943
6614
3452
8558
2629
4264
5951
7921
5165
244
1655
5097
1733
3041
9585
5307
9557
1739
3070
257
4903
7229
5462
2485
5234
399
8082
7395
6758
8836
3610
7984
5268
2537
3778
7870
2178
3003
7047
7260
7573
2770
1687
3426
5269
7555
4493
736
4849
1139
8842
760
662
2662
1468
1475
3932
2195
6703
1712
4209
9753
8268
3702
5420
5881
673
6766
8859
4514
5292
8029
396
634
4060
509
3692
4949
4042
3984
7349
2053
6945
1875
1408
5579
8088
7286
4576
9029
4211
3880
6837
4144
66
4947
5987
9687
7520
9605
1766
9010
6386
8292
4604
7453
4220
6804
3111
8473
8662
5561
1054
7187
8647
5539
8218
4929
581
7387
9276
9372
992
5700
5768
5858
5
330
3302
1004
3288
2746
3613
3852
202
2037
7122
8033
9985
1933
8512
6298
4359
3598
1633
3832
9765
9211
6210
9831
3141
4568
6782
4816
4574
5876
5120
5885
9826
2194
5035
9822
2675
9186
2715
4486
6202
471
2424
6756
7400
8726
2454
8633
5056
5041
6886
6544
119
971
9380
7821
8649
1241
5054
2034
2558
8449
571
1281
2418
9210
9327
141
5365
2248
8094
3395
5330
7906
2440
1032
3573
529
5139
1950
6538
4509
6273
2232
373
8621
7957
2571
6195
2274
3075
9689
2324
5267
6299
2870
8834
2033
2484
7360
3906
8146
4352
4145
5289
5889
6113
8409
8204
333
9874
6065
9126
8399
5833
4707
6913
4628
1164
4056
2883
3945
846
7758
8385
5270
6622
912
231
705
4989
5747
9407
7401
848
5813
3048
2535
6421
992
6230
1826
9581
2443
2231
2927
7080
3657
936
1208
5720
5551
3625
6126
180
783
4313
987
9137
8954
2285
920
9245
1129
5850
4277
7070
7551
2468
7582
6477
1207
9362
7042
2950
9353
9323
9046
