7
7
14
15
29
52
58
67
69
83
90
93
94
98
100
118
123
130
138
146
147
149
155
157
158
175
176
177
196
217
217
224
247
260
292
292
296
296
308
338
343
360
366
370
385
398
406
423
426
427
430
435
438
444
462
468
471
485
488
491
492
495
497
502
524
527
541
552
565
565
566
578
591
603
605
613
658
661
661
666
694
696
709
714
732
742
756
764
771
777
796
802
822
822
824
830
842
846
868
877
893
906
936
940
955
955
968
971
974
977
985
994
1042
1046
1069
1073
1085
1131
1144
1146
1155
1165
1168
1177
1183
1193
1199
1204
1213
1217
1232
1244
1258
1264
1272
1275
1281
1281
1304
1324
1347
1347
1357
1363
1375
1376
1377
1390
1398
1415
1415
1419
1433
1437
1446
1447
1452
1471
1474
1485
1488
1511
1529
1537
1546
1556
1566
1583
1601
1602
1613
1626
1650
1656
1661
1662
1671
1671
1676
1689
1700
1724
1747
1754
1783
1787
1798
1815
1839
1840
1840
1844
1873
1875
1880
1901
1914
1930
1935
1943
1949
1955
1957
1963
1979
1988
2004
2024
2029
2032
2037
2037
2044
2052
2058
2060
2073
2102
2113
2122
2129
2131
2137
2138
2144
2147
2168
2173
2202
2208
2214
2227
2240
2243
2244
2245
2247
2277
2288
2289
2290
2308
2340
2340
2349
2350
2355
2367
2382
2396
2433
2444
2445
2466
2496
2500
2519
2530
2541
2548
2553
2566
2566
2566
2568
2569
2594
2621
2637
2657
2683
2686
2688
2702
2730
2751
2753
2756
2758
2758
2779
2786
2791
2793
2812
2814
2815
2826
2839
2848
2866
2872
2877
2895
2898
2903
2917
2917
2918
2928
2948
2959
2965
2973
2984
2985
3007
3007
3011
3013
3025
3025
3028
3082
3090
3093
3104
3137
3138
3140
3160
3163
3167
3171
3175
3185
3187
3210
3244
3251
3265
3274
3274
3294
3313
3321
3361
3371
3372
3375
3381
3387
3389
3390
3409
3415
3418
3423
3431
3434
3437
3444
3455
3473
3479
3480
3481
3491
3498
3520
3522
3529
3538
3545
3563
3571
3579
3606
3618
3631
3667
3695
3730
3734
3742
3746
3761
3784
3811
3818
3818
3823
3825
3832
3846
3847
3854
3893
3900
3904
3904
3906
3907
3938
3941
3953
3977
3980
3982
3984
3985
4008
4017
4025
4034
4039
4056
4069
4073
4085
4093
4100
4142
4169
4190
4193
4198
4244
4263
4271
4276
4292
4296
4305
4306
4309
4315
4316
4328
4336
4373
4383
4384
4388
4400
4403
4423
4468
4469
4476
4483
4489
4492
4495
4513
4527
4535
4538
4553
4553
4568
4571
4572
4577
4589
4593
4597
4604
4615
4621
4629
4631
4640
4649
4651
4652
4656
4666
4670
4673
4674
4694
4705
4711
4714
4722
4724
4729
4729
4730
4731
4732
4738
4744
4759
4766
4779
4787
4805
4806
4807
4835
4858
4888
4889
4894
4907
4910
4927
4939
4942
4971
4983
4991
5005
5068
5077
5094
5098
5113
5132
5143
5144
5176
5194
5199
5226
5230
5233
5248
5271
5284
5288
5288
5303
5311
5317
5318
5328
5329
5360
5364
5376
5378
5383
5397
5437
5441
5455
5463
5469
5491
5510
5523
5530
5540
5548
5576
5583
5585
5603
5606
5608
5615
5621
5626
5630
5633
5658
5659
5669
5696
5697
5704
5704
5704
5706
5710
5770
5773
5785
5795
5816
5824
5834
5843
5868
5872
5883
5903
5925
5941
5954
5956
5958
5968
5974
5976
6004
6008
6014
6019
6025
6039
6041
6045
6074
6080
6085
6093
6094
6101
6131
6139
6146
6149
6155
6155
6171
6187
6190
6191
6196
6209
6212
6216
6216
6224
6242
6244
6272
6276
6285
6290
6305
6323
6327
6337
6338
6355
6368
6377
6386
6389
6424
6425
6437
6441
6443
6445
6447
6495
6505
6508
6519
6519
6527
6536
6537
6563
6563
6569
6575
6576
6578
6582
6582
6587
6591
6602
6626
6630
6635
6658
6664
6677
6682
6700
6710
6713
6724
6728
6734
6767
6772
6774
6776
6790
6808
6828
6837
6849
6864
6880
6899
6919
6922
6926
6933
6941
6947
6966
6971
6977
6979
6997
7015
7021
7029
7053
7054
7066
7070
7070
7071
7073
7074
7129
7146
7146
7180
7182
7199
7236
7268
7272
7273
7276
7287
7304
7346
7374
7401
7407
7409
7414
7417
7431
7439
7444
7446
7449
7455
7458
7458
7460
7465
7502
7516
7519
7529
7535
7566
7567
7572
7588
7589
7602
7607
7612
7625
7633
7656
7671
7677
7699
7700
7704
7728
7735
7743
7744
7756
7771
7776
7782
7785
7799
7802
7831
7849
7894
7898
7909
7922
7931
7940
7940
7947
7957
7964
7991
7991
7995
8017
8022
8027
8028
8031
8036
8040
8068
8070
8108
8119
8128
8130
8144
8145
8166
8170
8180
8191
8193
8195
8200
8201
8202
8209
8215
8223
8226
8232
8233
8234
8269
8276
8309
8313
8314
8314
8327
8329
8330
8332
8335
8342
8345
8352
8361
8361
8365
8382
8384
8392
8404
8412
8427
8438
8442
8443
8458
8481
8506
8509
8535
8539
8544
8552
8561
8574
8592
8600
8628
8641
8647
8666
8676
8679
8706
8706
8708
8717
8729
8730
8737
8738
8764
8765
8766
8826
8828
8828
8833
8834
8842
8843
8868
8870
8870
8875
8877
8892
8898
8901
8908
8910
8932
8935
8949
9012
9029
9029
9040
9046
9053
9093
9094
9099
9100
9106
9107
9116
9124
9135
9163
9175
9180
9191
9200
9211
9212
9224
9227
9234
9236
9261
9268
9271
9275
9276
9295
9298
9298
9301
9307
9310
9325
9326
9368
9376
9386
9409
9414
9426
9428
9432
9443
9444
9444
9447
9465
9477
9499
9526
9528
9530
9533
9541
9574
9583
9586
9596
9600
9609
9616
9624
9652
9659
9659
9665
9666
9687
9691
9694
9695
9702
9705
9715
9726
9734
9752
9761
9764
9770
9771
9784
9784
9796
9825
9841
9844
9847
9852
9861
9885
9892
9892
9900
9906
9918
9919
9930
9932
9934
9939
9973
9982
9997
10000
