9292
2761
8662
2623
7802
5946
616
5821
5162
956
5072
4053
8157
8163
4291
7461
540
7698
3670
3953
9040
9205
2065
607
4138
2601
6922
3687
5713
2045
2967
3236
4888
5319
1807
7147
2912
6547
2983
8749
4209
2588
8671
9168
3362
8448
1262
1629
311
4815
7501
8971
5635
5809
1004
9525
5143
3083
569
1331
2280
1961
3440
6788
7974
48
8983
4424
7444
4484
5926
8113
2469
7345
2262
6121
6219
7695
8215
1914
6810
5843
707
8667
6157
4647
9016
4859
8
3357
544
9058
8840
6673
5185
4144
8524
9642
4605
7940
8192
6708
4017
4250
1648
7850
2297
5087
1080
4351
9500
7489
6335
7231
6787
8725
582
4582
6361
2757
4996
1215
6083
8123
9230
4875
766
2501
2723
1614
2288
4900
5737
1742
9574
1033
3739
4025
8626
9028
3306
5322
3636
8494
5567
3009
3266
4399
7864
4500
9325
9175
8007
1311
7824
9838
3182
439
7648
4336
7793
77
6169
9946
6585
2295
358
7144
1535
352
2123
1651
7306
7726
9658
3036
1322
5390
8327
76
7258
2850
4899
834
4086
1392
3054
9894
9484
9407
4056
1660
9254
8829
1498
1245
4000
1968
1057
8672
5613
4821
6179
5915
6289
5740
3035
3463
7709
7037
4660
7206
6292
7242
4836
7871
4985
7960
6291
1319
2844
991
1594
6998
4810
7406
4452
9027
6511
9648
2657
5581
687
3097
5934
8758
986
3776
5686
5531
6407
7563
3342
4266
46
163
7361
102
4282
398
5317
3676
1829
560
3600
9414
8392
5315
7945
2892
6025
9132
8540
2869
6351
1076
1720
8623
9181
4683
8295
6835
6775
5131
9227
4854
586
5205
4717
5350
9440
928
8409
6562
8426
488
2118
9906
9985
8933
538
5103
6480
6255
614
5449
1402
2455
828
6996
7633
1353
8010
2427
4828
2578
3555
405
3199
204
7172
578
9603
8126
1863
1882
2947
436
6007
9343
999
8263
7410
8378
3062
1382
3782
3944
3527
7789
1315
7430
6610
9332
8657
4740
4949
8226
2896
8056
7175
1327
2264
9792
4552
6317
8151
2826
1197
3407
1459
234
3020
3015
2801
8776
3778
9112
9382
2917
2428
4083
2398
3175
6951
5380
9287
1789
8135
7911
9568
4104
8621
6588
3228
5952
1058
5974
3644
1763
5993
4393
8236
9068
6501
914
8502
7672
6237
4532
4825
651
2381
1304
2213
5456
67
5091
1522
5566
8854
7396
4089
5647
2730
5654
4530
7702
6514
3993
1713
6188
1196
5085
2074
6566
6367
9592
2016
9078
4019
443
3649
2434
4772
4775
1403
2191
9064
9085
4508
448
8987
7617
7659
401
4883
2928
7277
8319
8160
3886
1442
7014
7828
9446
2069
4536
600
8164
6965
5280
6193
263
1669
9857
2889
4741
1506
6006
9053
3599
3163
9039
8687
4333
2796
2380
2706
4105
7649
7450
3127
6172
3394
6917
4386
3259
6112
7449
502
8172
8480
8232
6334
5665
8432
7930
1466
50
2011
1077
403
5154
9976
5406
632
9393
1864
2496
6039
6892
8281
7917
3089
795
1156
3717
485
3992
2465
2834
453
6869
1030
9243
7916
9059
8075
6343
5711
7346
8972
8460
8462
1361
983
2046
2375
4186
8455
2620
9774
3267
9200
7580
6906
7318
3201
7992
8541
7324
8199
7738
9520
1729
8166
9331
8632
6000
165
4232
4644
7543
9188
5095
5045
7651
9507
546
2782
7089
7143
9101
7878
6744
4261
1764
3714
4368
7758
1860
4551
8315
9585
5630
9307
456
5428
9918
9728
7423
979
7035
9494
2499
438
9323
9935
9327
9654
4264
8255
7707
6323
6974
3314
773
3243
1721
8142
109
8899
9845
3979
1472
2887
6577
9114
8951
5146
5998
2922
5238
5308
6102
680
3398
4711
7370
1938
5398
6944
9346
7155
2874
8276
1396
2292
6252
8040
8252
4631
661
6509
8046
6964
8071
3725
2824
9860
8998
3066
246
9725
3233
9493
4120
4974
6422
7976
5351
6263
9611
5325
6186
8814
5006
8609
8606
3347
9934
9384
6635
5899
658
19
8375
7825
9737
790
5763
9983
5282
8452
955
1730
7103
6340
769
4887
7640
4784
5107
3732
3925
339
7595
8735
1299
8176
1834
8408
2828
7192
4345
9824
5924
7548
7069
6149
2923
8365
6196
194
709
7141
178
9479
9709
8785
4215
1898
2330
4324
3718
8963
5215
5400
1146
1425
3747
8008
7334
9740
6174
1268
3218
3524
5758
4792
1413
5625
9049
6211
8155
35
894
4326
1533
8872
1235
8450
2432
1876
4716
9724
2120
2767
6621
8746
4746
6603
3200
1728
5664
5458
5828
7920
1933
3711
7832
4758
444
4107
539
9306
5444
1806
4022
4459
6942
1542
2614
497
7791
8978
4100
5033
3756
5548
5443
571
5830
3618
1330
885
9996
3156
2393
3464
2367
8527
2662
6594
4651
6663
5580
5309
1200
4889
6834
7912
1641
1240
253
9872
1530
2903
9117
8127
3133
5431
1104
8063
1678
820
8033
8140
5353
6902
5056
7072
7336
1220
8064
7984
2982
4524
7869
1334
3037
4427
2487
6555
1357
8584
2977
17
6980
1294
7139
1428
215
4913
9010
6710
7781
985
83
9961
5511
3244
8720
8931
7196
1342
2565
6095
1238
1581
694
69
5949
266
7774
4581
5852
6792
4670
3963
4131
5598
6330
4338
9844
7272
7689
9286
1085
833
9915
8721
1409
334
6669
2202
2681
155
4068
7232
34
8340
3369
1345
6032
235
1479
5259
1275
1723
7153
5151
3198
4755
674
5347
2646
7230
816
5021
8417
7293
3779
1977
4281
5658
6096
9911
4805
8624
2546
6857
7483
4371
2823
7759
978
6820
1799
6749
6450
3024
2020
1219
7876
3269
7745
3937
1015
9818
4832
4764
8762
2390
8957
7652
7931
1370
3130
727
9416
8973
4692
9466
2718
6022
6140
7016
4858
2166
3374
2556
264
2238
8422
9548
8570
2133
4997
5469
3303
4736
2255
3327
5399
5305
8894
1424
9169
1109
6623
9947
8895
2301
2480
3476
3388
7823
8627
7729
4234
806
5459
6074
5180
9867
9378
6216
8898
5676
8402
139
6108
268
2942
1698
1505
5706
1975
7747
2702
4951
6041
751
4084
3287
7458
4356
9111
3136
6733
5461
6416
2034
4732
8960
3821
5631
3693
3669
5648
8686
3593
8600
8277
640
1737
2236
499
3069
3148
7161
9584
2489
4633
9008
1426
6069
9532
1360
4935
125
7743
5061
7794
3214
6815
3705
6318
6453
8200
8559
8292
8016
7463
7477
8855
1816
3655
4073
3167
9649
8396
5883
8929
9811
166
4357
7468
7979
5780
58
9429
7704
1700
6997
2602
7872
4091
1777
3760
9356
5502
4110
3371
7601
3276
3073
8087
307
8095
4113
1695
1407
9514
5114
6024
8360
8106
8535
3216
6878
8249
5218
5104
8585
647
4171
6500
3734
4454
8231
5480
962
3731
2750
2061
9669
9096
7714
3252
8639
7699
7224
3071
4885
228
5161
6584
6392
4545
6425
2114
1135
3405
1250
3535
7031
4768
2346
223
7796
808
3884
3032
277
7285
9161
9392
4156
965
2675
7050
6126
5590
7846
6713
9988
3894
7267
8881
8857
2971
1504
1436
6544
3272
6481
5175
7751
3911
8136
6675
2103
6131
6075
635
318
3207
8349
7116
2468
7612
1462
521
7924
6372
6494
5574
4848
535
8915
491
2332
9937
9277
4699
8861
9710
6381
7164
1962
9046
2063
9015
4720
2085
7294
7132
3824
5550
9266
7261
9782
2323
7491
7493
6482
5297
6899
8612
7631
558
1650
3897
3312
685
3918
3493
7611
6553
8066
7276
7881
2064
5016
397
1222
2788
1935
9066
3092
4554
1123
8141
4981
5519
4419
7867
7247
3789
9607
9133
6877
7919
2825
4868
9762
4688
2258
6270
1743
8733
6446
4691
8980
4540
1086
9541
2737
6895
5817
3907
8129
9043
2780
4673
6455
296
2538
6797
7314
7135
4924
1755
7126
2269
2154
6831
7844
8184
320
6070
6468
4095
4451
483
952
5177
7512
2386
2486
2185
2207
636
9288
893
5760
6266
5203
5330
6013
5923
480
8594
4961
959
4133
1588
5801
6249
886
5284
6911
8870
4130
9269
4826
723
998
3210
222
2572
5383
2203
9434
2146
5446
8110
1298
4087
2343
1762
1985
4770
1900
9529
8736
5829
3234
8932
5910
7262
8001
9944
6671
7785
9156
1538
6426
946
7429
7055
3332
5
7057
3019
6537
6306
7918
5599
8177
9474
7074
4471
9391
743
7418
2695
5941
3152
3985
9933
1111
4172
5815
5521
8307
7763
5888
8532
1390
4701
6959
4160
3615
6405
932
1061
6423
6818
4126
5840
5467
5722
4358
8644
7115
2336
2815
4485
7890
8874
8887
9589
3033
2648
7373
4140
6046
5938
9763
1861
8009
1314
4440
8101
4405
9509
7600
699
2760
6276
1393
4838
6915
2337
4353
7786
6183
5423
9180
1610
2939
4481
5153
8921
6717
3682
8863
1740
3415
4845
9
1655
3609
5424
8356
4415
6283
9366
8469
7570
5692
2543
4872
7523
8169
1419
9362
9203
7978
4979
9876
4623
5097
9316
6207
1175
2495
2421
4761
2298
1574
3843
5100
4941
610
2784
5206
1716
922
3169
5318
8782
3624
7987
4491
4800
191
948
5062
8571
5088
9139
7592
9616
675
7857
8196
9308
6296
7328
7404
6875
4519
2974
8703
3254
5019
733
6769
8842
6438
9431
5611
523
1481
9626
9098
1897
7415
7531
1578
476
360
9142
4719
2002
871
8530
9001
3997
3155
1194
9019
9100
9410
1692
9347
1300
6519
9917
2328
2524
6545
4417
845
68
7382
809
1320
5717
8728
5919
9753
942
3053
8818
6976
881
6513
7236
2851
8105
3571
175
9314
9791
9968
6439
8531
8745
689
1841
8935
4002
492
3125
5552
5779
1894
6719
2935
1847
3492
5358
5051
5094
9869
226
8325
4070
8699
5732
6389
6979
7674
6152
2710
1520
593
4824
9395
7216
6368
1499
5701
2579
2407
8591
2408
2688
5726
2604
3025
9576
5685
6938
4355
8208
3862
4730
2083
2142
1263
3316
7740
9492
4289
6209
1674
7352
3545
2539
3299
6231
3645
892
9143
1380
3414
3919
6177
5172
9979
5819
2151
8779
5082
1915
2728
728
9221
6581
6155
6290
4413
5940
5420
2995
8554
3470
2806
4721
2582
7907
4275
7420
2048
2344
382
9176
7942
1487
2315
5709
8022
8701
9997
3597
5468
1780
496
7002
4504
7949
8038
2454
9663
3115
7995
8976
649
1550
739
9229
5503
9790
5712
7610
4577
9472
9608
3012
3511
1773
8341
7587
6429
9082
5797
5425
6550
3132
7986
20
7528
825
7197
6591
1734
4739
5563
2736
7708
6982
8258
5583
1207
9190
5230
2527
7826
3613
6461
6185
7870
1255
9274
9984
2965
8065
4479
3852
5812
6225
9527
1803
7431
227
2701
618
5704
3302
7168
9866
1883
5549
1337
6278
2214
1758
4841
7000
6454
810
1318
9855
7622
2394
5071
2477
7253
7297
3546
2479
2224
7049
9508
4099
6981
5984
8077
6261
5646
9540
3959
9385
8763
4278
1931
5327
9080
7994
3952
4822
6202
2314
7541
5891
6888
1559
4188
6
7985
9145
8625
5234
4387
101
8651
5707
5547
7769
5551
8254
8273
3495
6373
1035
7728
9334
161
8911
3967
3457
1879
4560
412
9238
28
8223
8515
7200
1317
6144
2551
8598
3404
9662
8629
5909
740
1269
9528
4722
1399
2356
5412
7185
3380
1527
7935
2079
9038
1429
580
6582
1016
3844
6889
7675
4035
3039
7721
7996
7902
8709
1149
5682
6884
1638
5328
5623
5148
8796
840
2888
8753
9075
7880
3484
2816
3181
8904
3393
1438
916
5942
4112
8250
1107
5774
1386
8237
1934
8225
383
6864
2771
6953
2925
6850
6702
8416
1670
4425
5013
5612
3359
2765
8652
5600
1735
4643
3550
5587
8376
3168
4675
9130
9367
6802
1343
8090
3223
6399
1765
1823
9321
9322
9601
9597
1130
7071
9521
776
4947
7776
7895
3694
5346
9957
3271
7817
9454
1221
6385
9035
6824
6891
7852
6086
4487
8362
3253
5756
9962
8023
4147
5002
9513
1495
4863
328
6910
5441
7834
4829
5710
4271
7100
1224
5225
9885
7173
5382
8824
9482
6686
1273
5173
5867
3934
8165
3085
8700
3335
6963
5142
3364
3265
3539
1664
6092
5361
2918
1639
8411
2864
2115
2210
5622
4604
5609
5227
3186
6937
2231
8685
6523
5228
5757
7472
7238
317
7379
4430
2506
2763
5324
154
3334
2058
8233
9185
705
3702
1115
1693
3690
7109
5255
3426
2661
5615
6961
4843
4121
3661
3280
8214
6250
7529
7667
662
8011
1254
6705
6417
7142
1468
375
9421
6357
1189
6727
6085
5179
6377
9167
2976
466
6349
8428
7909
8832
2651
3262
6946
1676
7239
2810
9462
3823
97
124
7227
4879
5192
1677
1384
9840
8654
5272
7972
8557
6636
6355
3701
8615
4659
2345
2954
4030
5723
2569
4672
9909
3498
138
8628
4301
7012
3589
1079
3421
1561
5856
9166
2365
8561
5049
6072
642
7639
8610
5796
8906
9351
9705
5771
7471
9581
5084
271
9873
7561
4277
4752
5435
6531
6556
4539
8069
6548
823
8614
3881
4780
6535
1075
5018
4106
8982
7405
6533
5969
5877
6141
9231
1448
2448
3206
7668
8637
2313
5570
6217
7560
4676
6247
7006
5958
5043
3614
1011
4871
6048
1094
4236
3348
3343
8847
7679
6160
3412
2462
2890
4476
4547
4955
8350
7565
4923
8386
7858
9583
8876
9005
1683
3909
619
7998
6932
4668
8849
1956
7514
1810
7961
8576
5505
7897
4797
9622
2832
6741
5504
5217
7637
7606
147
6341
5716
1070
1858
3232
5878
1602
7787
9107
2066
9645
7319
4927
5379
781
349
9754
8550
3333
1694
6605
4438
3793
4434
408
8447
1287
9587
628
1590
3603
2781
9699
6208
7968
8500
9681
4847
8191
3373
4142
980
1726
5369
8599
9491
9980
3583
3515
200
8969
5336
8288
2642
8716
6583
3488
1049
7005
6838
1155
295
7703
4520
3477
2059
2943
3580
8280
3114
7235
5640
5834
670
6035
1543
516
5132
6896
6421
3526
6943
6474
6167
3737
9340
1563
8665
5506
1812
7524
8797
2416
3185
5641
3456
168
95
1534
2641
2592
8466
3072
288
8017
3430
590
2913
2900
8552
7158
3766
9711
530
5329
4015
8338
4785
5618
8260
6595
6380
2250
7696
7706
2840
3842
1296
7275
4994
8577
4052
221
6973
2920
1782
4840
7741
8154
2870
8145
4262
8224
2188
8838
302
7654
1936
8139
7981
8791
5240
4048
4162
7008
117
131
4286
3123
5529
9856
440
6576
29
8678
5096
8211
2272
2818
6229
6104
6415
8959
8822
7809
7482
5007
2554
4007
2919
8523
3458
2433
3802
282
8245
8366
9858
9758
7650
3722
5028
8737
3344
6279
3986
1333
6639
473
6504
5411
8270
1088
3792
9072
5152
2276
2595
13
9290
7233
713
2108
9468
3311
690
1157
761
7065
7965
5037
5427
8092
3943
5042
3680
7861
6479
9464
4179
1526
9291
7713
1325
3196
5896
1145
2958
8885
5486
9995
7845
1028
4361
335
8217
8229
7283
5189
7585
1566
9182
6081
7670
3991
8777
7086
7777
5799
1084
2374
1673
6178
4804
7692
32
2845
7833
482
2417
6414
6657
326
622
8222
5197
8015
198
4159
5186
2321
1609
7841
2814
3965
9610
9018
3703
637
7509
2436
9888
5237
1885
6735
4827
953
5825
1321
4231
5333
3508
9276
1214
4435
8190
6269
2618
4886
6841
6904
7368
9126
2529
9191
2574
9381
7212
5558
2001
1708
2860
410
7598
7989
9713
7414
8114
4307
8547
6147
481
3920
7710
6876
9890
5523
2201
3237
5901
4318
4531
6759
7536
345
8509
9119
8748
9124
9220
648
1528
1307
4001
6862
2597
5235
4474
7044
6830
3427
813
5184
1785
9621
386
202
747
4533
324
8247
5805
236
6371
73
9424
4820
7131
305
2157
8843
6064
8489
5586
1469
8168
2992
6441
3444
7250
9338
2886
452
2836
1625
6572
3129
1523
7178
8044
4960
2961
6782
1288
1253
1997
7464
1647
1367
389
1019
1554
1712
6730
5863
7165
626
399
6023
8359
3204
7066
6331
6077
4753
9664
8806
2419
3432
3408
1278
75
8490
9793
4638
8420
8204
1826
6302
9443
4222
1398
5802
340
3617
9751
780
4760
5069
2689
7516
4771
3643
188
7028
6723
427
1376
9389
3305
4687
8714
7636
1017
6161
9895
85
7798
7975
6181
9641
7910
731
6197
7150
6522
4588
9666
1332
5822
7901
9826
2273
3969
4993
122
6698
2637
3804
4268
4398
2401
1607
9874
9162
682
8592
6541
839
4311
3301
6856
7080
4128
7625
4988
6822
8648
763
4290
888
3865
9172
4873
3293
6714
563
7943
6452
8074
679
9026
4618
3142
975
2722
4391
9326
7094
1071
8522
1158
61
8939
1886
5787
1653
6284
96
8930
5000
9821
8712
8862
6034
1963
3038
5418
1381
7269
554
9686
4029
4462
9025
8476
6668
5973
8180
3051
2938
3304
449
1195
2532
9502
9417
7271
269
1852
230
1869
5040
8949
7484
1510
3635
5250
620
5222
4546
3699
5303
1456
5030
4920
5115
4166
7903
8958
4627
1845
9596
8418
819
9868
4028
5578
7060
6866
3060
8143
3905
5181
4853
8786
1227
1184
5212
9293
8768
8039
996
5171
1589
2858
6984
6791
5150
9251
9024
505
7727
9342
9223
7812
7498
6863
783
3558
5655
5841
9485
7784
4137
57
5367
2223
9668
2867
5292
7240
4679
2353
7459
8924
7939
7947
8603
5533
4314
6492
1727
882
6654
9264
350
3077
7799
6659
7081
7194
4700
3819
4033
346
1791
89
5345
2507
8841
9486
9084
9409
3764
7076
8227
363
3942
2217
8316
4502
8690
1136
5914
9813
6080
7886
1405
3562
1210
4895
4606
9839
5512
1503
8674
4799
8339
4443
4094
1000
3197
3768
6396
4728
987
4945
6148
9150
5110
3081
1878
7228
5860
428
4304
2095
2717
9311
4499
1960
2559
1347
7848
9694
5244
359
2829
8030
8589
7412
8414
4330
309
7627
3591
2067
2726
8866
7535
3521
1711
5853
5698
8054
8580
9037
7686
8052
7292
8317
319
3892
7933
6397
3128
300
8268
4910
7278
2699
1681
8795
7124
1921
1441
8775
9216
2502
7889
1452
8282
6106
272
1206
668
9021
9057
3387
3193
9281
5678
572
4724
3652
86
5231
4867
2878
4433
7425
2797
6437
9056
8383
6926
1362
7154
1818
4447
7189
7102
2645
5127
1348
6598
5463
4468
157
5304
2951
1685
3672
8947
424
2400
3205
3406
1097
4783
6625
9925
2794
9936
2593
1675
9991
3208
1368
156
2044
2225
7510
3446
9837
8666
3590
3857
1387
2839
9566
4507
5727
1820
3174
1225
6532
4455
4902
6900
2076
1309
1580
6204
3931
6332
9280
598
527
4729
5374
794
1761
5075
1171
7521
9836
9578
3513
3078
3116
1573
5955
5323
6914
8955
2283
4640
256
4743
9411
4136
2327
4287
6387
8158
2199
851
5783
3328
1855
174
103
874
8220
3419
2915
3437
1649
7287
2857
7241
9029
6720
8274
8966
2216
4619
3540
7400
6010
4911
9671
3355
2562
2731
5577
6813
8808
6762
5439
2329
6575
2560
4152
6687
8759
9450
4310
2335
6760
7705
2447
5232
7392
2946
2124
7244
6145
2405
1259
8203
5241
396
3874
9973
8953
5266
1187
8443
7691
4093
8743
3044
5501
6897
6715
5820
4102
2876
890
6280
7658
2000
4694
8669
3384
3282
8186
1696
1100
3976
528
416
1637
5402
1942
1715
6383
5621
4146
2847
1643
2307
909
3594
2837
2383
650
4537
5933
1725
2459
259
5826
3220
7354
6223
3397
2807
6701
7329
9594
30
2431
4367
2444
3313
5046
1431
3291
9776
1634
6847
9116
4725
3813
81
6100
2361
3621
1981
2879
1759
6062
6870
4108
6680
140
7487
5128
744
4568
8767
4876
3675
4308
193
9530
573
7635
633
4096
5166
9558
6901
2221
9788
772
3847
3065
4347
2692
6925
812
1095
1137
6037
6939
5746
7953
8331
6222
5457
8358
7104
7599
6699
5357
1312
5248
4564
5849
5354
7032
7540
1756
4354
8465
218
7027
9144
858
2640
2759
2632
4280
2742
3042
2500
5113
4436
6978
1822
7507
209
3084
8505
6271
557
8493
5527
98
8477
1475
2811
1274
9257
6918
7003
1432
4460
1161
9992
2877
8028
1950
9794
66
2248
3765
2373
2880
664
9097
2787
1185
5052
7572
2973
2438
478
4319
4208
8379
9471
6645
3075
5338
3977
1666
9931
938
5582
8073
4614
3482
3622
5795
9437
1144
1060
9639
5466
6362
6176
1395
5311
1616
3420
5517
4544
7982
4602
4182
534
3855
1697
9345
750
9825
4514
3646
9315
4486
7051
1423
130
6063
8207
9526
9940
2484
3172
788
5964
4176
6220
1374
6618
9665
1048
4168
3288
4193
8079
4012
4592
1893
992
2953
6488
6620
70
5874
6646
8219
7087
4908
4538
7398
604
9623
8630
2677
8147
5478
6038
7349
7225
2077
6814
5417
8875
9496
9044
919
9279
8605
351
4132
8713
8081
8048
2547
5918
5341
2043
432
2232
5384
3530
3082
2537
8778
220
6780
6187
7515
1042
7550
4416
8194
9240
9337
6755
3126
9986
7801
8213
6806
2744
423
7204
7413
9593
2707
5360
2360
9154
1549
9418
6616
9032
9809
2534
526
9700
2703
9807
2240
6858
5102
3830
8161
5009
3604
7574
5472
1290
4611
2774
1170
5196
6761
2865
9077
8037
7270
2550
2354
542
3777
9733
1065
8091
6298
561
8364
1339
6912
8285
4335
3099
9814
3112
695
5880
4381
5694
9041
3321
8543
241
6956
371
9964
7390
912
7896
700
5473
8130
3841
7855
265
7936
6067
6795
724
6745
2882
3417
9248
706
1326
1705
3767
3350
7353
6314
7821
3246
5121
6990
8043
3297
2309
9613
1489
6287
11
9999
2155
844
6690
7366
2414
725
3377
3221
4213
4187
8681
94
6409
1710
8228
5750
7389
7479
3688
441
7929
1784
6137
5298
2491
120
6573
6833
4653
4777
3324
6574
4456
4844
9966
6435
1564
3518
7634
7815
8320
4759
8961
1323
570
608
7112
4917
817
5124
115
9296
4363
3664
8828
9660
6210
4380
4370
657
7480
4956
3190
6017
947
4833
3817
8704
591
4959
2371
462
6529
8128
4165
2733
520
1738
1980
9572
4195
1091
4991
5419
736
9904
4666
4242
5697
935
1418
7843
8324
286
1994
8917
2594
5555
9149
5498
5601
5832
4946
857
3586
3877
1072
6050
2994
5020
1556
4794
5053
6408
3170
8202
5687
8836
1167
4254
4710
9302
91
3848
6571
2081
6516
4306
3574
8789
8405
5947
737
9115
6994
6203
1754
3279
7111
1516
6031
6592
861
336
3973
832
4273
7621
8330
510
6747
8578
8920
9374
4243
1417
7015
4153
6320
2629
5198
4475
4478
7416
1665
3055
5734
7403
5170
4214
5090
8278
7465
4103
6120
171
5279
1040
9457
5528
8587
6887
4143
7446
1874
9222
8660
8251
9390
4973
4224
6649
1835
6546
7348
6244
3926
2366
2171
2162
7321
8131
605
7520
7596
9606
5589
6273
5967
3608
4813
9849
4016
9193
3391
4811
5027
8940
1285
1511
5743
1604
6128
6985
6805
2180
2317
9830
6445
5950
9363
8888
8020
7879
9802
4444
3494
9831
7506
4114
1749
6465
6310
1577
749
5693
6307
9714
9425
7495
6800
5813
7928
3854
3471
4364
8388
4332
3087
4503
5556
8463
2639
7645
4219
6947
9445
92
9283
1619
4253
5220
8283
104
5475
7564
323
2035
7555
1902
9438
9531
6374
5509
1056
2244
1656
354
4199
232
611
4203
3557
3738
7264
2022
9210
2999
7387
2316
4055
4457
5265
9682
8902
5634
3138
512
940
9304
745
7159
5112
7134
4204
1774
1116
6678
2193
9470
8495
3650
2859
6560
9656
3745
9447
1066
8608
9769
3401
1445
2362
7503
5735
1916
2027
7999
6065
4360
6260
7742
2096
8848
4069
406
2350
8491
5300
6960
8581
1101
8390
3361
4526
9215
8804
8942
5352
9488
629
2056
7715
1243
9258
3552
6466
5156
8326
5294
963
3429
2575
7054
8088
3141
7083
7030
6456
422
4223
7761
2369
2220
9081
5026
2793
6299
7973
9262
9253
1301
6154
7118
6257
6471
8486
5126
3080
8723
1969
1324
7662
5788
1752
4664
3453
6042
6313
3579
2277
2389
5447
3720
8877
8454
3472
9602
6766
9878
2978
9173
8003
9267
3224
1093
8564
5530
8297
767
2439
9892
2205
6400
8269
1180
7367
6551
2792
4331
5905
212
821
1186
3074
771
9571
3031
8975
581
4557
665
9320
1008
2756
6413
6243
8053
4076
9426
8602
6153
2908
4092
3101
8353
8708
7308
7422
9312
7676
6812
1127
7661
2691
7925
8456
249
9259
1659
732
5408
9919
7576
2854
7440
4570
6739
4402
172
2198
6113
7898
7295
920
5906
3323
2303
9319
2820
838
9105
3922
5070
5798
9236
7969
4344
5562
1179
9478
6233
9636
1010
4379
2320
5543
9093
4458
3761
1836
5242
1719
2855
5394
2192
884
6883
3395
2075
3497
7034
10000
8507
859
6326
369
2571
6162
54
330
9723
9832
9357
7260
273
7735
5516
9095
1998
1021
7641
9036
929
4342
5922
4835
9146
789
6549
7180
6339
5568
106
7447
7221
6525
7130
5803
1926
4641
6843
5553
3964
8830
3512
3057
5627
2822
4284
8089
2267
5671
2758
6630
9810
6275
3318
5572
4124
3936
2227
7445
6424
3629
5129
995
9159
4020
214
6066
9076
6395
274
6054
9684
5792
9196
2711
7108
2458
7419
5720
4263
7246
2872
5948
1081
3091
8115
9460
9213
5106
9060
2055
2488
1912
4597
3063
5307
4259
2580
5690
7383
372
4509
895
3989
3927
2271
9069
5689
923
4613
7048
1449
7725
8986
2090
1412
2933
9696
3871
9197
639
5031
8675
1047
6159
1792
3662
5059
2960
511
3541
966
3904
2660
1352
9755
6697
4116
6526
6726
7894
2387
211
7838
5954
3809
6931
2101
5962
2052
4966
6018
6777
8368
2972
3452
8377
4409
9659
9600
7184
9582
7542
6794
1163
1993
7551
1420
5257
7067
1388
1216
8275
8513
5137
5246
4596
4816
6853
2950
8149
3392
5871
6865
9344
9848
2139
9779
6158
6398
1447
1567
5608
4989
6651
4014
5917
4542
8611
8631
4221
6821
2893
8780
8004
4125
8484
7291
4175
3413
8239
7591
6486
870
158
778
4748
847
9092
2127
8372
6473
7374
8440
7847
9128
971
65
717
3191
9687
9661
2091
9555
3529
9675
4369
402
4850
3028
8517
5688
2087
1118
255
9598
7286
5739
3372
2460
2163
5810
3013
4255
3325
9544
9643
1178
1062
7145
332
1102
6111
2302
4228
3179
7629
9586
9463
8989
8668
4313
7497
3203
8740
3878
2442
3352
531
3912
434
2215
3908
7439
9786
6731
9653
8206
8781
2284
2931
2996
144
1350
6132
1152
6348
7753
9764
4978
5263
5471
8663
5145
3184
4339
3651
9250
6105
9982
5816
2130
875
4572
1198
9228
6143
8773
5749
1990
43
4097
3235
7836
2663
2430
3859
5990
4276
2590
2003
883
9328
6444
4428
6839
753
974
2031
4477
3900
1788
55
4501
7757
8910
3566
2254
7380
2473
6655
9612
4630
1529
2621
2627
3637
508
3171
3814
5943
4769
5778
4237
3107
5438
7245
5898
630
2348
4449
414
8111
2727
2089
4515
3447
8588
8676
2296
796
4081
1515
3774
4781
513
3319
9225
8886
177
1532
5371
6192
7122
5068
9843
551
2260
6632
4044
2875
5099
1736
9538
3554
9720
3140
8864
4773
6226
4713
4194
1553
2117
9270
7684
6614
420
3360
8765
9138
7997
1811
3519
5747
2453
4870
2485
927
289
9898
5616
1162
6662
1125
9956
3561
418
1884
9354
5125
8783
1536
8900
22
3093
2131
3230
9006
9387
1699
787
6756
3029
1642
2540
37
9770
1139
652
493
5508
9676
7337
930
6347
8188
6295
4934
9993
5326
2591
3045
8711
7579
5213
8774
9688
4756
8498
5310
3790
982
141
6378
6428
6156
1839
4325
6045
4709
9893
6811
2038
6589
8801
1565
6234
848
1039
5776
4589
3754
6267
1555
1212
7722
2700
8670
1372
6498
1987
7545
8021
1096
1597
9744
8116
9638
7657
3822
4004
9125
3329
602
9987
5256
6436
6825
7508
8148
1889
7182
799
7849
9333
4869
712
6801
8445
3998
1199
638
6882
8291
3906
1408
9211
3811
4905
7096
9371
208
5337
615
4865
9476
5873
2773
5959
1465
9459
7944
2040
5866
409
6578
6115
3831
8209
6138
5591
2476
6643
2092
2652
755
8640
7462
7608
3974
3753
1825
4145
501
6586
5714
4010
2435
6505
8481
3310
7620
8068
7120
280
3856
3869
7137
2293
7778
3367
6923
9670
1680
44
4365
6319
9914
3202
2682
8643
1828
2766
1949
3716
8380
5359
9542
6090
1815
3004
9106
1732
3888
7526
8897
2186
151
5744
121
8112
8756
5313
2589
9539
9094
6360
2751
941
9299
1054
9104
5930
7331
6570
3799
1203
3227
1027
5742
6464
2607
9701
9372
3866
2704
6277
3647
1041
9827
8198
6763
2625
2471
6809
2968
4884
1596
1335
9908
7800
3144
831
7117
1120
5718
4862
1795
7289
390
8981
2268
5216
8159
6082
9505
4117
5492
8645
3955
4922
7093
4009
1632
7409
5455
9591
6201
5405
550
627
8117
3489
4933
3835
3606
7827
1233
4680
1593
4898
7174
9402
5872
2247
3544
2714
1995
5003
1517
5781
7303
4667
5223
4528
9386
7831
9134
9452
1217
4127
8542
3286
5721
8805
3692
2772
6679
7568
9975
7887
9747
6194
5571
2026
7351
8423
525
6015
6844
6493
524
3684
8125
9543
6099
8846
3587
9199
9192
8421
5269
9164
2713
735
5762
6122
7688
6658
5791
599
7424
1717
2150
4823
72
5387
7687
2975
8461
7095
437
203
6851
4513
1892
7024
1364
4490
3317
646
8261
2563
6382
2545
2119
8868
4341
107
5058
1537
9219
7932
5652
2379
6238
5592
4421
9272
2523
2451
2514
7690
6734
3729
3851
8439
8512
7756
2429
8457
5876
2212
6393
2558
1242
1473
5855
6087
5632
1767
988
2861
8732
182
1229
9637
153
1608
1305
7073
9577
7187
3354
6972
9667
63
8525
3462
1768
4559
6053
5252
1702
7539
9732
2340
8162
6579
376
3750
5960
2777
905
8993
5921
3503
4129
6846
6030
6241
7365
2110
5741
3390
6567
5057
4958
447
5077
5766
8146
8990
7188
3258
2338
2830
5980
509
2290
425
3469
6198
8884
5092
7865
1256
9523
1067
9565
3686
5884
6305
5575
3225
9449
374
756
5249
4925
7300
702
3838
197
2395
1363
247
954
2937
8852
1877
5916
6359
3582
357
6496
9137
4995
3999
5932
9734
7748
8085
8121
7169
4315
4984
4646
4464
9268
1286
3353
3595
6793
545
377
9834
4562
4970
6764
2256
2698
4999
1336
2873
8962
1106
4226
4150
7388
7170
1483
9609
3006
8833
8499
245
7937
8336
2409
8433
490
2004
8019
8918
8945
8673
2513
7712
7567
9926
7026
2790
304
8856
5119
7004
7644
1045
3723
9497
42
1232
5730
3988
698
6136
8468
841
6272
4583
7177
3860
1038
3475
5254
8472
4461
8596
3382
5201
9712
3
1576
4735
934
1907
4090
2492
1064
4874
3260
5784
5047
7575
7092
4819
6564
5833
3516
9206
9330
5288
7810
8506
7199
9504
671
1620
2616
7862
6703
3506
385
3195
556
7950
6009
4075
2567
2821
4936
2184
7474
3134
2015
110
9891
3602
4169
7638
4632
5559
9256
2848
7504
9674
9759
8948
587
1750
3584
2263
6684
3159
829
3658
8182
9503
3442
3656
8558
1119
9113
9158
6650
8691
260
1940
7223
7588
2530
4312
5029
645
6168
4021
4931
1525
9403
8029
6337
5445
1026
7052
1433
7892
8529
9157
4702
5060
8333
479
9692
1704
8403
7467
2549
3631
4296
8000
9427
9624
9369
6737
3961
99
74
2322
7181
4322
663
5370
2883
5561
9907
4258
5368
4003
4733
6677
60
4689
8357
169
2006
3455
5827
14
6311
3485
6135
9989
7125
1824
4802
8519
8790
5696
2286
1150
3683
4008
7304
5025
7537
655
4598
2251
4184
8692
5663
1493
592
2697
7926
1014
660
8436
989
2985
5098
1108
176
5064
486
8284
7043
8025
6044
3229
3095
7885
3423
9465
8853
7305
5767
3605
3795
7220
8734
7452
2517
3763
6554
7750
7274
9553
9994
3975
2957
2018
7752
1953
1043
291
9030
1246
994
6852
8882
5588
9730
6427
1612
9014
8878
5957
1338
1037
262
8936
4217
9722
2025
1063
9136
9336
148
6872
1168
3721
6738
1128
669
9657
1450
8968
9718
2160
9617
6448
5302
5024
7673
404
9823
237
2665
8082
3274
9110
852
7860
3938
865
4695
1868
8256
3278
9697
2181
5936
5729
5753
4343
2512
2613
1316
4198
9412
7121
1943
1821
3762
6873
4703
3825
2029
4442
2062
4031
6300
5794
2358
1623
2113
3759
2300
2068
6350
907
5270
1306
1291
4467
4796
860
1383
8650
2721
80
7402
4866
9900
7046
5421
3685
1770
4662
6315
1261
2693
6336
3913
5518
2581
6497
6484
4469
6170
4238
471
8562
5108
2846
2219
7492
4026
8344
4767
807
1236
2378
4798
656
3787
6312
3231
5120
2187
6778
8751
4663
1422
6117
4299
4148
1234
2080
4571
1881
6604
4340
7681
1166
2233
5320
3076
3726
2557
9477
9273
7322
879
8850
5373
7614
537
5404
3947
294
6538
7731
4300
8051
8413
2326
4901
6129
9580
4065
7797
5526
5972
9579
5573
1073
3010
7432
2037
9573
9375
8212
8352
5219
6958
2441
3801
854
4298
7877
8579
3863
1379
4629
1786
5992
455
56
3153
575
3248
2391
5854
877
7251
7179
4489
3145
6543
2060
8967
846
5495
7476
4063
4942
7018
7426
5507
9405
8310
5859
3386
8516
3438
3791
5545
2033
1679
10
2472
7807
4157
2053
4861
7007
7113
835
5939
1188
2910
1488
3610
6881
8752
7874
583
4723
8287
7252
9767
9556
4334
4045
6470
4037
9310
4244
4818
239
9309
738
6449
577
2603
7119
2541
2789
4328
5312
4192
9629
9903
1308
5764
9777
293
8018
9202
5289
5376
4849
5755
2497
2049
192
2357
8027
9773
5929
9430
3543
6768
3994
3826
9522
7217
2552
4512
7605
459
9379
9271
7656
5986
1355
5858
5672
8050
7532
4161
6457
3294
4983
1050
3052
6324
3370
3523
9208
1862
6483
2078
9435
4448
6499
5605
2275
9916
734
1044
7808
6909
6905
7868
742
9052
811
361
6459
7882
1365
1292
9614
2576
4206
8803
1744
6861
4173
6227
8889
9511
143
9772
3428
722
3525
897
2450
2331
6826
6171
8893
2047
8653
9303
8617
1605
3381
3868
407
8514
5155
167
6139
7716
1359
2936
1497
5700
3987
5147
4412
8369
3849
6061
4584
1174
1218
8504
3559
3707
7457
3941
6281
8869
3971
135
9766
2013
4601
8717
9783
8262
9045
5105
4595
779
4005
1467
7518
3505
6303
8635
8538
4684
9677
2149
3480
2294
5777
5864
6051
4432
8049
8279
7325
1005
6693
8965
8546
3724
4693
4246
51
6608
1453
6758
4054
4523
4446
4207
5306
7162
7473
7519
7760
8308
7653
5961
9605
7341
949
4963
6049
1329
9797
8508
4392
3673
3061
2200
3481
7680
1202
2683
2610
9739
9361
2399
7927
8322
1006
7962
8467
2997
2668
1545
8102
9562
7364
5895
4240
6955
6068
519
7280
8183
442
2490
5391
814
6386
3378
7819
5409
2104
5004
7739
9679
275
6507
7316
1132
4795
9423
5023
2650
3784
7642
7583
8925
8988
9943
3883
7830
8642
5221
9241
4992
2531
872
3532
9239
5989
2654
4080
625
6941
3806
3268
5158
9620
4561
4414
7302
1896
3895
760
8992
7201
9852
4431
2145
2470
5287
2028
4498
1636
849
856
867
6819
3879
5038
1265
9009
6568
8873
8059
7340
692
8156
6706
9177
5488
6110
2768
7783
8757
2638
461
7320
7384
4776
1691
9388
9088
1182
2945
2525
8827
7646
3808
9787
9433
4890
2732
1903
9063
6346
4686
5138
1351
4049
7146
7530
8697
4437
9198
6384
9633
1190
3785
3049
1141
7792
2423
8395
181
49
4077
2234
9752
7377
4426
4649
4585
5164
6376
3098
500
1310
6462
6999
299
4625
6816
4407
4013
7020
9247
1621
219
641
4470
3270
4600
2881
6103
6752
5662
2355
184
6948
8984
1471
8492
3565
7964
7626
3376
8845
4511
6989
1686
1976
7136
6079
5434
4617
5163
5913
1844
1746
3346
1802
2183
4292
7632
1599
3924
3872
9512
3741
3634
9324
4610
8118
4064
8407
5633
1967
6626
5839
8470
8991
3289
3068
1982
6443
1133
9129
3219
7527
9131
6430
691
3090
3928
6803
5772
4229
9971
4349
5979
677
3528
5364
1009
5846
8381
4492
331
3341
752
8309
3873
7358
3616
801
2680
3568
3736
5342
8187
7022
8937
2107
1831
2440
3501
5738
4050
6867
6748
2993
6565
6704
5050
4751
5912
1032
9358
4965
8747
4628
4085
902
9736
7058
4635
5673
4857
9547
6333
8730
7771
5569
8693
9051
4249
446
5247
8793
4027
8036
993
6790
7554
9365
4809
9398
6370
9003
435
8641
1842
113
6254
3238
1485
9011
9761
5017
631
185
8442
5944
1875
6224
2167
2635
5487
9048
2687
4817
3514
1925
8076
3710
719
5951
7025
9913
8903
9047
243
8809
6561
9436
910
8404
6520
5001
7906
4954
1947
2493
6253
8636
8235
6005
8471
4737
9209
7435
1492
6431
4801
3496
1662
8865
2412
9483
2190
9245
4565
9757
2622
5790
8458
2628
4830
2921
6491
3956
9506
2783
1053
3363
164
2376
5157
3431
4971
2319
9887
6995
2143
7401
4200
1923
8311
8347
9599
1775
3345
3131
1804
9383
6262
3165
6767
9301
26
4374
9442
2278
2324
4450
1267
9184
5014
9850
7837
5415
2895
7123
944
3668
5887
8299
3385
9765
7904
310
8006
5894
3983
9065
1159
5194
3775
3728
2526
9397
4930
8798
6599
5393
3798
3109
8647
1809
6615
9708
7677
3400
9233
4082
5296
9780
2359
3178
4088
1757
566
2156
3564
1954
4323
5160
8766
904
9000
9071
4510
5975
7010
4352
7770
9768
5133
5724
8964
5413
2979
2411
5532
951
4472
2841
5996
7853
1002
3491
8839
5971
5500
6908
3972
6536
8302
3017
5470
4541
1165
6440
9879
5356
7257
9922
6845
7311
4279
7478
2246
924
6647
6552
5620
2308
1964
6235
5510
5335
1797
353
4745
8304
5109
2252
5541
1192
6146
9278
7829
4550
333
8688
1069
4806
3743
3901
9854
3695
8548
1724
1668
1922
45
3845
1583
4496
2334
5054
6728
3531
298
6003
3889
2672
2503
8240
1571
8175
5440
3249
6913
8243
4038
9413
4101
196
7323
8119
2461
915
2991
4480
3572
4766
2649
142
5670
8070
5879
4123
2813
2770
9237
6004
6088
2466
3467
8427
9695
8568
1439
8731
4603
1850
9683
9461
7475
2071
5479
342
7859
5544
9352
4036
1500
6460
3954
2725
21
1591
9086
8374
3713
9685
7148
984
1480
5554
8534
6991
5433
6058
6879
4190
8544
5032
8303
9912
7011
5202
5546
8298
3149
1494
2041
2518
4516
2740
1837
6929
6011
4321
5607
1986
433
2410
1778
6837
8122
5293
9960
8750
2164
718
1687
1131
3358
2017
9033
9863
8553
5889
6746
2511
7779
1928
3633
5848
4247
1640
8926
803
2352
506
9634
3827
8754
1787
7033
6515
9756
213
8108
4420
4429
4674
283
2542
6652
119
3285
3751
5596
2449
7762
804
1568
2612
2619
6447
8511
4483
4
4903
981
3769
6358
1606
2643
9990
4975
6957
8979
9959
2370
3678
5015
4196
8234
8946
3213
775
7263
2833
1501
8680
9800
7486
4220
5432
4639
4422
1937
6542
6992
9456
7908
2299
7207
1560
2230
4185
5902
9070
906
337
5925
341
7036
6021
5079
3122
2051
1
9955
2897
6134
4590
1458
8582
5865
6524
6256
5835
6924
8167
7814
1548
6799
1627
9453
9013
4441
9350
6411
7363
1908
7951
3858
2242
4779
4293
1849
7581
9952
3867
2282
301
2568
4225
4929
186
6093
1939
8601
6502
1454
3509
41
8698
1846
654
6742
3970
9678
970
8567
4738
5271
40
4705
9635
4024
793
6569
7385
8683
7013
6242
136
2626
4423
4714
6664
489
5214
3677
2963
498
1547
355
16
9480
9441
2986
726
9817
7167
9808
392
5174
3689
2270
7407
5442
8107
2656
1514
1205
9738
6886
2426
5130
3016
3581
2838
6970
5715
59
7991
5278
2762
5669
6325
2105
3418
7866
8305
6827
1496
7660
4288
9920
1703
6490
9490
321
9569
9929
4897
6304
4881
368
9870
3422
7265
1819
6707
1482
4256
7099
6418
9981
1391
8826
1446
160
850
716
4040
1552
1870
3296
419
4122
2153
3086
3537
6173
2615
9798
6165
8031
4139
6580
9835
4134
1258
976
9067
3958
3490
2949
2998
2291
5982
532
5804
8290
6954
2125
4855
9928
7436
7448
1748
8820
1769
5956
3005
643
2866
3307
5837
5785
3139
9833
5063
6487
7790
8047
549
1375
802
4067
2673
8831
1989
6057
8970
9122
715
4297
5660
7156
4642
9295
7948
9489
5035
4893
1476
7437
8618
3930
4906
3242
1798
3627
7063
5675
4521
3135
6602
292
5789
9750
9536
1461
1753
2054
7151
7517
8042
6609
5448
3002
7281
5645
8246
1358
3630
5065
1959
4294
4118
8880
4661
8264
1464
6971
2666
9631
1645
8539
3283
3715
4061
7203
3383
180
5629
4563
5705
2073
714
2363
8257
529
8565
327
6264
4235
9902
7732
2515
6930
1615
6327
5976
183
7571
3105
8563
873
7669
3483
7442
3746
9545
5657
2791
3990
2494
4648
4051
6228
1624
1239
7813
159
2956
3211
6624
9473
798
5276
3917
7856
4115
7665
5769
7284
9501
8193
1587
6774
1457
6776
917
7970
5414
5093
7505
1957
62
6123
3487
7417
748
1971
5396
8437
1034
484
8393
6033
3915
4178
6880
3697
8837
9945
7697
1303
4098
5236
2686
3157
1718
2266
1988
957
3696
2161
1223
4059
925
2311
6071
3435
4191
1661
5182
5593
9535
3839
207
5643
4039
4359
6268
5378
777
3402
6725
1970
2911
1766
9255
8296
8977
4834
7604
1644
5450
1105
8738
3665
5343
9864
8238
9186
4921
4543
7522
3176
5081
6073
1271
2057
3403
9249
5494
3820
7209
6125
4373
9285
199
9218
7655
8419
5911
9079
2014
308
548
400
4846
8664
4677
3780
4608
1208
653
6265
6076
6711
3143
365
8329
666
3704
3796
1313
4439
2570
6016
552
8719
4252
800
5953
4712
12
3576
7453
3549
1917
79
2197
3950
5395
1600
2980
973
1401
4926
8800
3189
9958
2021
3257
9415
4201
5666
7456
862
5875
8682
5619
2927
5348
4754
6836
3106
926
451
5614
78
9050
1110
5403
2241
8438
2007
134
4011
7941
3709
2437
5209
3241
7899
7451
378
4787
8646
2988
1904
9020
7342
9155
8241
6517
945
7888
6133
3008
878
4715
8210
1851
5210
1443
93
9640
6563
7019
3284
3308
3706
5204
7098
6403
1551
3277
4964
565
2456
9875
4372
7229
2050
8638
2519
6666
9373
4696
88
3666
8373
6212
673
9899
3451
2804
3560
4637
7993
7214
2504
7593
5149
7326
1260
6638
1279
9853
173
2135
2341
562
2222
9298
4896
5920
3800
216
8109
6245
5513
1140
9969
6059
1406
6239
7160
1249
146
4574
2647
6631
7983
5036
9560
2385
6200
5897
338
6779
4807
8556
3117
8371
5484
3183
9721
2739
6785
9702
4316
8473
6114
5144
413
2902
5677
5997
3816
8435
5251
2885
7764
8710
4634
7454
2617
9618
5534
3096
5089
7546
4042
2141
2644
8293
2748
1575
9812
6860
7544
2189
5514
8707
1283
2144
9554
8879
9717
7734
4406
6442
4404
5970
1631
564
4669
7391
3921
4527
6854
6612
8170
7191
1147
5321
8572
9972
3247
8919
111
5680
6206
8620
1228
3547
3281
4932
1781
1142
8318
4285
8586
3103
3638
3439
1628
4071
6098
8741
8907
7701
518
5178
9481
6559
1099
7597
4914
9031
9796
797
4260
1941
4202
3815
4860
7356
5316
6458
1630
1913
7803
2655
7288
3569
7248
116
2158
5892
603
6681
3187
4149
3059
3601
2940
8794
5493
4594
5167
1598
1354
2755
6282
7805
5285
2609
2457
9941
5464
8619
3626
8659
9448
7664
762
2094
3642
1984
4980
9305
6285
576
1176
7851
2406
6840
7590
6288
7562
9467
5515
5386
6770
9359
624
5807
5886
9719
8518
4837
4495
9615
3674
4894
1546
1772
9760
903
5489
1349
5661
7884
6094
4074
3853
8501
4180
7533
1460
4034
8337
7755
9923
5695
2482
5885
1611
1013
2009
2636
6722
2608
4916
7312
9801
6653
8132
4488
899
7746
1415
8221
4072
2914
1854
4747
1463
126
9455
1356
5224
5818
7282
6732
8607
3379
9419
3275
7394
792
6823
4366
90
8944
4241
2981
2964
391
826
5229
3245
8060
1092
3834
5073
4018
7607
3300
9559
4111
7647
6240
5831
4389
2535
6495
5496
6949
429
6640
1830
6451
5083
9707
3836
7307
1121
1663
127
5200
503
4337
1160
9625
2716
2803
7408
5381
7082
9042
7268
5334
7754
3962
864
9034
8080
4671
2909
7615
1603
869
536
4317
9930
2555
4575
7923
8729
5994
9784
8242
8891
5481
5653
5522
7624
8367
4645
1891
7553
9174
887
3192
8815
1973
2746
1873
4707
2106
362
1739
4006
4587
9204
6751
9924
1871
2712
7780
6322
1688
7183
7613
3251
2819
3486
7963
8062
2204
3653
824
1377
3119
9073
4418
4812
5116
1701
7768
2281
515
8058
4410
1297
6765
3981
4041
9141
6966
9127
9487
9495
6375
472
547
2926
7360
8244
7952
6521
3416
1083
8055
9564
8084
7494
6321
3982
9557
7347
7534
9475
822
1633
9135
7496
1714
2100
6587
3663
2237
27
205
5806
4329
4390
8694
6921
9727
6365
2800
1257
8312
7021
8844
3047
4267
9965
6629
7914
3434
2670
4731
659
1508
911
8555
5842
8914
464
2805
768
6927
7559
411
7362
701
4654
8769
1373
567
4043
3995
4685
5141
1201
1814
3607
4047
3996
4283
3188
8813
8355
7883
6246
2948
3425
5183
4682
4272
53
693
5649
708
8726
3309
9949
4952
5537
8189
6369
5388
8497
1087
805
445
4726
25
5937
6530
4164
4656
746
5745
8819
764
7485
8724
2128
7549
1252
267
9121
9938
7525
2606
9234
5416
3173
4681
5845
4466
5286
9963
4211
2351
7068
613
4852
8013
4245
248
1808
9087
2318
4607
4174
4907
7609
782
1237
9244
8985
7547
3679
3424
5086
1983
2809
2287
6689
9275
1143
9549
6248
2631
1138
2817
7921
137
3180
8613
5410
5538
6503
7573
3735
9652
3520
2023
1366
7818
913
5728
4624
5188
6329
3596
356
8574
4383
5140
1181
818
1421
8253
1996
2226
3048
6832
9970
5966
3064
5299
4378
6950
1018
5340
7720
7106
4909
2279
5862
8289
8205
4463
2463
3783
1866
7195
9214
8573
7056
6390
3100
6661
7552
3698
2990
6354
313
8890
1113
5191
7243
4880
8265
3534
2478
3465
2533
8272
9550
1177
8590
9748
2498
9862
4704
1793
5372
6388
6593
3349
7296
1930
469
5759
4183
7718
6894
770
8351
8152
8718
1410
5453
8174
4788
1667
2738
6366
2795
1920
4636
9789
7958
395
3158
7749
3620
5702
4548
880
8482
7078
4968
3832
252
9368
4210
2176
1558
251
1509
1078
876
5195
7110
8496
1544
1059
7788
3749
3797
325
1074
2905
6829
1164
3828
458
6404
8927
5349
5811
1911
3758
3014
3479
2364
1776
3712
2669
1658
704
5520
9546
1213
2152
3079
6667
2516
9083
4382
8397
8771
4698
1626
1887
3339
7369
8595
5893
9401
5392
9194
1302
3598
4749
9297
6512
3177
6683
1020
601
7061
5460
6786
1270
3840
5999
3070
3786
5239
3611
1709
5274
2402
8138
5074
2735
9498
7381
2786
8035
4650
595
9432
2745
82
6855
6637
3261
3240
6040
1843
8549
837
1906
3898
8912
4734
7219
4377
1657
7956
836
8086
5261
3023
7042
4274
5793
1865
7586
4401
1486
9726
9570
2178
3548
3121
3166
8153
6986
8346
5995
5169
4473
1689
2086
8913
6936
5733
585
4058
7310
1944
7490
2372
6191
4957
2174
6078
1817
5134
3162
2443
4622
2969
786
3700
3150
5499
6029
889
9978
9420
7393
6534
5275
2929
4227
5226
5048
373
162
9313
4791
5264
7254
9644
4912
1209
8412
3209
2678
7339
1491
7577
5123
9745
6406
8230
6660
9877
2008
754
8575
784
5725
6364
3147
1790
3949
1276
842
6352
7038
4060
7816
4938
8727
6907
217
3502
6987
4327
6682
5638
7059
5290
3264
6670
634
8908
6933
6130
7205
2966
3330
8761
9444
9806
9022
9160
1751
3945
8569
8835
5900
6020
9716
9619
729
47
123
6008
2274
3612
9524
9103
1833
2137
5565
1635
1248
8099
297
7772
5540
2600
1805
7088
891
4057
7811
8901
1502
2173
1952
5452
6789
9165
711
4789
1731
8342
6716
1927
5823
303
9217
3164
3351
9517
5190
4918
9954
5044
7062
1173
3250
3659
6344
5542
3322
1455
4573
3290
306
3623
8321
1745
7628
1813
3876
2802
2261
4154
2521
866
1280
6685
5462
2752
8294
100
6014
4750
231
8431
6205
7623
4962
8014
6184
9002
6945
684
8521
1029
2072
3914
7091
2
7922
7371
1055
8332
4990
6874
5636
3466
7683
2257
5679
1592
6221
1999
827
4977
4177
8171
129
6467
9881
7988
8434
5579
1122
6590
4831
9360
8286
114
8487
3639
4652
454
9364
8449
4558
4251
6180
1484
7782
7584
2842
8041
8137
1346
384
1103
5430
6619
7009
3256
7443
7017
9224
7875
2585
8181
1404
1582
681
3027
8399
8485
3441
5850
9861
6027
8201
3468
2019
393
6002
1341
9882
4727
1585
6920
7023
4616
4375
6175
1918
7694
4765
4216
7077
2032
2122
6916
1172
5067
1586
344
2179
5603
3478
1570
6977
2987
9551
7733
7075
6052
5490
931
8301
5668
6695
6316
9778
5193
2347
5208
2653
2598
1948
950
8536
5557
609
450
2528
9519
1622
507
9201
4506
2904
7724
370
3752
2907
24
7084
3459
6475
9942
3517
2944
1671
9673
1052
7259
1151
3448
5005
4119
2596
4394
7053
2753
6019
943
8134
5857
2289
5355
8528
7273
7064
5474
6968
3018
8772
5485
514
2112
2856
9400
6353
4155
969
4940
5363
2690
8382
145
1191
6634
8858
7198
4497
7955
5011
1539
3708
4976
6700
4167
3433
8361
3882
495
2039
8185
3946
5928
9950
4790
285
9627
5008
2147
6506
5366
8799
4953
1579
2676
3263
4555
9927
8520
5991
2126
2548
1929
9348
3034
6898
9967
5536
1513
5117
1771
6028
2658
8788
1204
112
9672
9422
5903
6627
1414
9318
5281
8679
2208
5295
830
7138
477
4529
3108
4986
7438
2121
9897
3113
5584
1794
7900
3588
7678
8997
4657
261
18
1474
8503
6648
9552
7041
5699
5273
9183
8104
5076
9650
2747
4525
7470
9799
8441
8883
1371
3273
7977
7730
1857
4782
4270
8384
1531
4591
3968
9590
2510
4517
606
6890
7513
2042
8425
1932
1919
5775
7842
2396
1733
2694
5136
5245
7723
936
2916
9746
2259
3409
6518
9939
7335
3104
316
4411
3160
23
9743
3399
7558
4556
7090
5268
2475
5908
3788
5770
8271
6665
7085
4494
3957
9953
1169
7249
2573
6771
7218
3551
7663
2304
8464
87
3443
467
7386
9948
2798
4778
2172
5642
4944
939
9428
2425
9147
7211
5564
8334
1856
1444
1840
9896
7140
6750
8410
9353
7990
6001
2827
2228
1518
667
9706
4678
367
1183
2536
4939
4599
1859
1114
9469
853
9880
3929
8661
2505
1328
8867
39
33
5782
8150
2941
2664
6189
6691
4078
5454
977
8032
5135
1293
315
6116
5684
6402
6539
2561
5139
6633
6432
3146
4046
8764
4609
730
2970
290
2891
9537
5691
2005
3102
9805
2177
1022
6656
589
7736
8860
5719
6472
7775
8406
8851
7959
6783
278
7237
2932
9123
3773
4612
118
3890
6118
3000
5397
2962
7854
7176
5847
9355
494
8702
4718
5301
2418
4972
7133
9575
3939
7428
4763
7643
7070
1974
7804
8604
8267
3007
2422
3396
460
7215
3575
1389
8633
1266
4397
2522
3460
8941
1747
2868
1012
9680
8905
1231
5786
4163
7256
7421
8083
4762
8479
3810
2685
3331
5491
1134
6935
5983
6236
4141
9803
9910
5868
9816
7582
8133
1684
7891
597
9349
6301
465
6420
6692
1082
2679
3592
2140
415
5765
9841
686
1437
6328
4400
9775
1779
8616
2884
3239
8024
1427
3671
430
3365
2720
4257
9567
6798
8823
1890
5525
3641
3058
201
9376
8444
5176
7301
3368
6712
1230
1117
3449
9588
6893
3473
1905
2775
8094
2109
152
6611
1760
6709
5365
6084
3837
3742
6294
7279
6773
5988
921
1435
2182
3771
8938
2989
9054
2831
6743
8566
7097
1478
6091
6969
1540
1557
1562
7469
958
9187
5122
4248
257
5594
9731
6107
9886
9012
287
4803
2577
9339
7395
5731
468
7946
6356
284
8195
1397
3807
1796
1832
9646
4615
2952
678
3050
5659
4385
7616
1344
6828
3320
1584
2481
5800
8178
8216
9396
7001
5332
8430
900
5987
7290
9689
4851
2413
470
9771
6613
7820
2377
2719
5808
2265
3578
5101
5935
8792
343
242
5639
2852
2924
8067
7101
3818
7309
8834
7980
3846
4453
6842
4943
9932
4690
8005
7630
7376
2474
1706
1541
3255
240
254
2779
9055
4079
8999
3770
5882
843
2754
6286
2812
9148
2239
4384
5426
7411
9380
4518
5761
1991
426
9284
574
5604
5437
7029
5539
8385
3154
4620
8120
7399
9651
9749
5451
5870
522
7433
3292
8459
9534
1036
6410
3916
6885
2206
6232
3022
6109
9510
9212
9377
2724
1946
9109
7333
6622
3011
1507
7040
5748
2243
84
3885
9846
6868
9118
1838
1024
2564
741
1512
703
9632
4348
7693
4269
3719
8389
3120
381
7569
210
8478
189
6674
6962
721
7434
4445
3896
2871
5977
2084
4505
7795
250
8144
9252
2229
7234
5389
1068
3454
7765
5602
5066
3567
3864
7744
9871
8696
672
8658
9647
8954
2634
3499
3046
1910
3021
6540
5610
1617
9408
281
5041
3980
4915
7502
7719
1654
8892
3337
5034
9394
1378
2696
4566
366
5422
7671
6308
961
2709
1451
6601
5477
6975
3870
774
4808
3504
9628
6558
7905
3522
7500
9171
2132
224
908
7047
4109
1924
6124
5881
2715
6796
623
2392
5907
6849
2168
5253
4621
270
3978
4658
5080
2667
3893
6688
968
4626
4170
6817
8401
7359
8802
8537
5339
431
6230
2384
3411
5656
2170
2159
6433
3805
6345
5314
6607
2930
8722
5291
9847
7163
7193
3563
64
2764
7226
1682
5277
9785
9329
4987
4593
9703
6676
1909
9595
6218
1051
3340
9089
5851
348
4998
3757
4697
2671
9004
2195
3891
5752
2776
6163
6952
6642
8173
31
584
5111
6476
5401
2743
8943
421
2509
8583
1521
2138
2605
855
2245
1112
2906
7375
9189
3533
553
8266
2955
9062
7938
6967
3556
8248
6394
2843
7350
8952
8045
6342
3056
3727
2445
9820
9533
4774
765
644
2388
3094
9170
2741
6696
5624
2194
7152
697
9518
5637
1966
2312
6391
1046
2862
6804
1741
6641
2030
5344
1690
6259
4891
7202
9795
4878
918
9317
2098
2129
4197
9819
8706
4295
8306
8755
9265
3356
8996
3445
5078
9195
6993
7315
6757
4793
9693
7666
3226
5814
3932
5644
5243
8415
2894
3461
4786
8950
9102
9152
5963
9439
8916
588
5039
4151
2097
5331
1090
4023
2024
5651
9335
8097
1244
2508
4350
5283
8474
5861
6036
8649
8760
8551
4877
4482
5012
2325
9561
8100
347
9828
7222
6859
6597
6258
238
7873
4465
5159
1153
244
9815
9300
5890
1089
972
1707
7210
5022
5362
7602
9735
3040
2853
2249
3585
8012
6338
9341
3648
5465
6694
5626
4233
1951
3902
4576
6089
225
9630
6195
2148
8928
8398
9977
2134
8922
5055
6672
5585
5560
1955
5681
6412
7330
9905
9515
8677
7619
5968
2116
9404
7682
4388
6142
3194
5751
2310
233
1722
5497
5595
9889
757
1148
8034
4757
3573
4265
9153
8859
2169
8956
9704
1264
7967
2036
195
9804
6940
8197
5375
3510
8770
5869
9090
9282
4904
7578
1569
7954
8622
6724
8103
8429
898
8934
6871
8810
5010
3740
4032
8909
4408
6419
6127
7822
6097
594
170
3315
2630
3632
2599
997
1007
6056
8328
5267
2611
6983
8784
8742
3336
2218
2586
3389
276
5377
9294
8026
7840
2404
9260
6528
4665
6215
3001
132
36
2099
5836
5703
8695
3500
9017
4062
6527
2093
8475
4948
720
4655
2729
1801
8335
960
9655
4742
1411
3748
6784
8655
1023
6808
5407
2659
8545
6772
5211
9715
3984
9023
863
6151
6919
3923
785
9691
9289
596
4395
7556
7913
4239
1652
8446
559
7378
149
1827
7594
8345
5436
8093
2211
3375
3542
964
3212
815
3625
868
3691
7344
688
2799
3538
4302
1272
6988
1519
676
7481
1490
5476
8313
5683
7186
6628
5429
6644
5165
3088
3041
1800
206
5483
9829
7466
128
2136
8391
8739
9399
463
2584
8705
4303
150
1613
2708
8488
5262
8218
133
3744
6510
5118
7441
7045
3730
7685
7767
1241
2111
1470
487
9729
8453
6736
3298
4708
5260
6596
187
4892
474
6012
5168
696
1001
8343
2984
1003
7128
3118
579
7957
9074
4586
2769
9842
1031
7397
2010
8974
7299
8807
6150
9458
2785
2415
5978
5597
1416
3899
6043
8817
2368
6617
5482
967
5524
279
7327
9851
7773
3960
7711
8394
7806
1601
9151
5233
2285
8533
3755
4842
6297
759
8816
4937
6164
7603
9998
8096
7039
6309
4218
3667
394
6463
2705
3781
6721
379
1867
475
3803
9974
1385
9242
1440
2633
7511
9226
3222
6060
7499
4396
6469
3043
8124
8363
8597
1880
2863
4882
3940
9099
6213
533
2305
6740
1965
2901
7338
1895
8811
229
1477
9901
1282
2452
3217
6434
1289
3910
9263
3681
7266
5931
190
9207
2082
8370
2583
2420
9235
6190
2959
3151
5945
617
2253
9563
710
7127
1340
9108
3410
6363
1226
1853
2424
5838
517
4066
6199
2165
2483
8002
4158
8825
3951
9690
2849
5754
9921
1888
6251
3850
1972
6485
7835
541
1434
322
2397
7357
7566
5674
8483
5628
791
4230
4839
3935
388
1284
9859
3628
8354
4864
3812
4580
3577
4969
6557
4135
1848
1281
3880
7166
4205
4567
9741
2196
8689
2899
3733
3338
6489
8348
7149
8526
5708
2544
5768
3474
8510
38
1992
8400
1572
9370
3875
314
6508
7255
7157
6781
7171
8812
9951
7460
504
5207
5617
9246
9781
3553
8787
7971
3137
2333
612
2403
3366
2464
7700
4814
8451
2349
568
9883
9140
9698
8744
6848
2835
1672
4181
8179
4549
6182
8072
2467
3570
4982
1958
8995
3450
6293
9884
4189
6379
1369
5535
8656
8896
179
8715
2339
7317
5667
6477
6807
3794
1277
4320
3861
3887
6047
3026
4706
1025
7213
4309
2778
5187
2749
2684
7538
2102
6606
1098
6718
7915
9742
6026
3507
2088
2382
8061
3654
7208
4744
6754
9822
6401
3619
4967
9163
4569
1978
4579
7190
7298
2808
4919
1595
2587
5927
3215
2446
5258
5773
1251
1154
1295
3948
7737
105
8259
3772
15
990
8078
7105
555
6119
1126
4950
2012
7313
8923
4535
621
6478
7966
7488
6274
5904
329
8593
8323
9178
5650
8821
8994
2520
1124
3933
1193
9179
1618
6214
9604
8098
7863
4856
3030
71
8560
9451
6600
1430
4346
933
2175
9865
2566
5385
4553
4493
5736
9120
7934
7766
9516
7839
7893
3966
5965
7332
3111
1211
5576
7114
2553
7557
683
4578
3067
2342
5844
7
1945
4522
6166
3536
7079
543
7618
9261
9007
380
2235
8634
6055
2070
1394
7107
3124
8057
417
108
3657
4534
1400
8314
457
3161
3903
9232
3436
2734
6903
5985
9499
7455
312
1524
3640
1979
3295
1129
6101
7717
8387
3110
7355
9091
3003
4362
901
1872
8871
2898
7343
8684
6934
364
1899
7589
2674
4305
6928
9406
1901
2624
7129
4403
52
7372
6753
937
758
5606
8300
5199
9061
4376
3833
5824
2209
6729
1247
7427
258
3660
1783
4928
2306
4212
3326
387
1646
8424
2934
5981
3829
896
