99996
99991
99970
99953
99952
99948
99924
99909
99869
99832
99822
99819
99815
99811
99799
99795
99784
99783
99770
99758
99751
99741
99737
99734
99732
99708
99703
99692
99679
99670
99667
99666
99654
99650
99645
99635
99624
99612
99593
99588
99560
99559
99552
99549
99519
99509
99506
99502
99502
99494
99494
99472
99468
99456
99453
99441
99438
99420
99416
99414
99410
99398
99396
99389
99386
99362
99341
99340
99333
99331
99331
99316
99307
99295
99294
99294
99282
99274
99270
99265
99262
99259
99258
99251
99239
99233
99224
99223
99202
99170
99166
99161
99159
99144
99137
99132
99122
99107
99096
99089
99070
99065
99049
99044
99023
99022
99018
99014
99007
98982
98981
98964
98963
98953
98944
98915
98906
98906
98896
98893
98886
98886
98882
98877
98877
98874
98865
98865
98858
98851
98843
98840
98814
98795
98780
98778
98769
98758
98753
98730
98709
98709
98704
98697
98696
98685
98684
98681
98659
98653
98646
98638
98631
98625
98608
98593
98585
98580
98563
98550
98539
98536
98531
98530
98511
98499
98479
98475
98466
98461
98428
98427
98425
98416
98415
98407
98376
98373
98355
98340
98338
98337
98324
98322
98319
98299
98284
98256
98237
98218
98206
98200
98196
98173
98157
98151
98149
98141
98128
98126
98099
98092
98085
98075
98069
98043
98042
98026
98024
98021
97987
97986
97978
97951
97950
97947
97938
97929
97929
97913
97902
97902
97889
97885
97880
97879
97878
97876
97873
97870
97862
97861
97859
97854
97833
97826
97815
97810
97794
97789
97777
97765
97756
97748
97746
97745
97710
97708
97706
97675
97670
97667
97639
97630
97622
97607
97587
97587
97565
97563
97536
97529
97515
97513
97512
97508
97492
97491
97490
97490
97481
97464
97449
97440
97423
97410
97400
97369
97369
97346
97337
97327
97325
97323
97323
97320
97305
97293
97278
97277
97276
97274
97260
97255
97248
97232
97224
97218
97200
97195
97189
97173
97158
97147
97147
97136
97134
97132
97108
97107
97103
97101
97100
97093
97077
97055
97050
97043
97021
97019
97015
97014
97005
96997
96993
96991
96984
96980
96967
96963
96946
96946
96944
96943
96937
96933
96931
96921
96917
96887
96882
96834
96832
96827
96802
96800
96784
96769
96764
96762
96761
96759
96757
96756
96754
96723
96719
96718
96713
96704
96703
96699
96694
96689
96685
96672
96656
96644
96634
96602
96589
96588
96583
96582
96575
96567
96560
96556
96536
96518
96518
96516
96503
96488
96480
96468
96458
96456
96450
96443
96417
96412
96405
96401
96391
96379
96378
96372
96371
96343
96338
96324
96317
96312
96308
96299
96285
96275
96223
96199
96197
96195
96193
96182
96171
96162
96162
96160
96155
96154
96146
96139
96135
96109
96106
96105
96104
96101
96097
96093
96073
96044
96027
95984
95967
95964
95963
95958
95957
95950
95944
95940
95939
95936
95898
95890
95867
95845
95838
95838
95836
95821
95817
95738
95727
95720
95717
95684
95681
95678
95678
95656
95648
95644
95630
95625
95617
95617
95594
95587
95585
95582
95551
95531
95513
95503
95494
95487
95472
95470
95467
95465
95463
95456
95456
95448
95417
95407
95405
95404
95399
95398
95393
95385
95373
95356
95318
95313
95300
95272
95264
95252
95244
95240
95239
95231
95230
95228
95206
95197
95192
95181
95176
95174
95167
95165
95160
95125
95113
95112
95102
95100
95094
95089
95047
95031
95014
95013
95007
94997
94989
94969
94950
94936
94923
94901
94888
94881
94870
94860
94855
94854
94845
94836
94825
94825
94795
94775
94774
94763
94743
94735
94726
94715
94713
94704
94704
94685
94683
94680
94677
94653
94652
94650
94648
94639
94638
94638
94633
94620
94612
94594
94578
94563
94556
94552
94542
94527
94517
94483
94477
94463
94453
94450
94415
94415
94407
94406
94400
94394
94356
94353
94353
94352
94351
94348
94341
94318
94315
94305
94282
94269
94268
94268
94259
94247
94239
94232
94228
94210
94206
94205
94198
94196
94182
94178
94175
94155
94152
94121
94111
94102
94082
94082
94078
94056
94040
94032
94028
94024
94014
93997
93991
93973
93962
93960
93954
93928
93908
93897
93879
93856
93854
93847
93842
93838
93833
93830
93828
93808
93804
93788
93788
93785
93781
93777
93762
93760
93727
93721
93714
93705
93702
93690
93686
93682
93679
93670
93666
93654
93652
93644
93637
93635
93618
93602
93599
93583
93575
93570
93558
93557
93546
93543
93534
93533
93533
93525
93524
93522
93521
93508
93501
93501
93499
93494
93486
93438
93375
93365
93355
93355
93343
93330
93327
93319
93316
93307
93256
93251
93248
93245
93243
93238
93237
93228
93227
93225
93197
93186
93173
93170
93166
93159
93147
93143
93141
93130
93117
93115
93114
93100
93090
93082
93080
93079
93077
93061
93053
93037
93031
93028
93018
93011
93006
93001
93001
92999
92997
92993
92975
92964
92947
92937
92928
92922
92918
92915
92910
92894
92885
92870
92862
92856
92840
92839
92804
92785
92784
92776
92773
92761
92759
92754
92749
92741
92705
92695
92692
92654
92643
92633
92630
92603
92595
92568
92565
92561
92548
92547
92538
92535
92530
92529
92521
92517
92497
92473
92465
92465
92464
92461
92434
92426
92399
92397
92389
92370
92350
92323
92318
92304
92298
92295
92293
92292
92280
92273
92270
92267
92259
92234
92234
92230
92217
92215
92208
92181
92171
92158
92158
92155
92152
92145
92120
92105
92105
92068
92047
92032
92031
92022
92016
92012
91971
91963
91947
91947
91942
91926
91920
91897
91887
91881
91880
91878
91872
91871
91865
91864
91834
91832
91824
91823
91803
91802
91799
91795
91792
91789
91784
91736
91734
91725
91721
91715
91714
91699
91698
91684
91600
91598
91593
91588
91587
91563
91557
91555
91550
91549
91541
91532
91532
91531
91529
91527
91491
91490
91469
91466
91460
91443
91416
91415
91409
91408
91407
91401
91397
91354
91339
91339
91338
91332
91329
91328
91303
91292
91282
91251
91231
91223
91198
91197
91197
91177
91173
91157
91156
91129
91125
91110
91088
91084
91061
91049
91032
91007
91006
91000
90993
90985
90962
90956
90937
90918
90900
90892
90866
90837
90828
90820
90804
90793
90776
90768
90768
90758
90753
90739
90727
90714
90690
90687
90679
90675
90672
90657
90650
90644
90637
90614
90585
90576
90568
90561
90526
90518
90516
90508
90495
90481
90481
90472
90456
90444
90437
90436
90409
90392
90391
90376
90366
90349
90348
90336
90328
90322
90311
90310
90277
90274
90268
90258
90248
90241
90233
90215
90213
90211
90192
90190
90182
90176
90138
90127
90123
90102
90100
90092
90092
90065
90062
90058
90047
90043
90037
90033
90026
90023
90007
89999
89990
89988
89982
89982
89969
89959
89951
89942
89907
89886
89881
89881
89880
89873
89866
89860
89859
89855
89838
89831
89810
89798
89787
89781
89777
89775
89772
89751
89747
89734
89727
89711
89708
89700
89699
89699
89648
89640
89624
89619
89607
89598
89585
89562
89560
89538
89536
89535
89532
89517
89509
89507
89493
89483
89479
89475
89469
89465
89435
89424
89414
89405
89405
89395
89367
89358
89353
89353
89346
89346
89345
89345
89343
89332
89310
89309
89297
89291
89288
89279
89269
89264
89261
89258
89244
89231
89230
89224
89222
89214
89186
89182
89177
89174
89089
89089
89061
89043
89016
89006
88997
88993
88992
88991
88988
88980
88974
88952
88949
88942
88918
88898
88893
88880
88868
88845
88836
88833
88806
88801
88797
88797
88785
88782
88780
88776
88771
88759
88755
88754
88749
88748
88724
88720
88709
88707
88705
88701
88696
88672
88661
88640
88634
88634
88614
88604
88589
88565
88555
88553
88541
88530
88529
88528
88508
88503
88478
88471
88470
88470
88443
88416
88401
88399
88397
88370
88370
88360
88358
88340
88336
88307
88301
88284
88281
88253
88248
88227
88225
88215
88199
88198
88193
88184
88184
88172
88168
88167
88158
88135
88128
88121
88119
88119
88079
88048
88036
88026
88025
87993
87981
87969
87969
87950
87934
87929
87920
87920
87906
87877
87870
87856
87840
87838
87837
87834
87819
87801
87789
87781
87778
87774
87774
87773
87760
87739
87734
87730
87716
87709
87706
87696
87696
87672
87657
87646
87633
87616
87600
87586
87581
87570
87569
87568
87566
87554
87525
87505
87502
87494
87479
87478
87463
87459
87448
87446
87441
87435
87431
87416
87405
87404
87403
87395
87392
87391
87388
87386
87384
87379
87330
87329
87321
87318
87308
87299
87289
87286
87269
87269
87260
87259
87256
87254
87247
87245
87241
87228
87226
87223
87203
87196
87178
87174
87170
87145
87128
87127
87125
87124
87082
87078
87061
87041
87031
87029
87024
87020
86994
86992
86990
86988
86977
86973
86951
86932
86931
86917
86909
86908
86905
86885
86869
86853
86841
86837
86830
86823
86794
86790
86781
86768
86764
86760
86759
86758
86757
86736
86722
86690
86681
86675
86675
86660
86659
86642
86632
86628
86565
86552
86544
86529
86529
86528
86503
86499
86483
86475
86468
86466
86452
86436
86394
86394
86389
86355
86354
86335
86333
86333
86276
86262
86259
86259
86243
86242
86232
86231
86227
86224
86223
86206
86203
86202
86200
86186
86156
86153
86144
86141
86099
86092
86092
86089
86089
86087
86069
86038
86009
85996
85988
85985
85977
85974
85970
85955
85954
85951
85944
85937
85924
85918
85915
85910
85910
85895
85893
85885
85881
85875
85852
85848
85845
85840
85840
85823
85820
85800
85795
85790
85781
85776
85770
85749
85744
85698
85688
85679
85673
85665
85642
85630
85616
85613
85604
85603
85601
85597
85584
85580
85569
85538
85525
85500
85496
85485
85480
85467
85443
85420
85412
85407
85395
85393
85393
85384
85363
85321
85289
85286
85281
85274
85268
85256
85240
85229
85211
85193
85173
85158
85146
85135
85113
85107
85093
85073
85071
85071
85057
85053
85049
85041
85019
85012
84995
84993
84991
84985
84981
84980
84976
84967
84946
84940
84927
84925
84924
84915
84913
84908
84903
84897
84876
84857
84854
84853
84847
84837
84837
84831
84822
84793
84791
84783
84781
84773
84770
84754
84748
84739
84738
84718
84707
84701
84700
84695
84686
84678
84674
84672
84661
84644
84636
84635
84621
84620
84616
84615
84604
84601
84597
84578
84576
84573
84554
84551
84551
84550
84535
84510
84494
84466
84458
84414
84408
84397
84376
84368
84355
84339
84334
84328
84327
84326
84291
84288
84277
84268
84246
84230
84227
84225
84225
84215
84215
84194
84191
84185
84179
84174
84167
84145
84138
84120
84111
84110
84106
84087
84078
84077
84061
84059
84049
84044
83992
83984
83982
83976
83963
83962
83957
83952
83908
83899
83894
83883
83883
83871
83859
83858
83852
83849
83829
83821
83816
83806
83797
83766
83765
83758
83749
83713
83711
83711
83710
83710
83705
83694
83690
83681
83678
83676
83669
83666
83648
83643
83641
83617
83609
83602
83581
83562
83549
83532
83523
83516
83514
83503
83496
83484
83468
83457
83432
83422
83403
83400
83383
83365
83341
83338
83311
83309
83306
83301
83288
83279
83265
83263
83255
83249
83248
83243
83230
83211
83172
83167
83145
83134
83122
83103
83080
83077
83077
83075
83066
83047
83026
83024
83018
83008
82999
82992
82985
82979
82955
82948
82947
82916
82902
82891
82885
82884
82873
82871
82856
82834
82828
82828
82828
82819
82811
82807
82800
82800
82796
82795
82784
82778
82768
82753
82747
82740
82738
82733
82733
82721
82714
82710
82702
82693
82681
82668
82660
82639
82607
82605
82604
82589
82570
82556
82555
82554
82551
82546
82541
82536
82535
82533
82531
82525
82518
82516
82513
82507
82502
82499
82483
82446
82431
82423
82400
82395
82390
82388
82384
82381
82340
82335
82331
82282
82282
82275
82267
82257
82255
82247
82247
82213
82212
82211
82199
82188
82126
82123
82113
82100
82042
82038
82031
82027
82023
82019
82018
82005
81999
81998
81990
81985
81982
81965
81964
81944
81912
81893
81882
81856
81816
81805
81805
81802
81799
81779
81744
81739
81735
81706
81693
81674
81671
81633
81600
81585
81583
81573
81572
81563
81556
81555
81547
81546
81537
81533
81531
81528
81508
81498
81462
81446
81446
81440
81422
81417
81404
81394
81384
81365
81362
81358
81345
81325
81325
81311
81302
81296
81294
81289
81283
81282
81274
81254
81228
81225
81216
81215
81187
81174
81162
81155
81155
81153
81144
81118
81113
81086
81076
81075
81071
81063
81046
81045
81035
81028
80992
80966
80960
80959
80936
80922
80915
80908
80884
80876
80850
80842
80826
80821
80801
80791
80788
80783
80782
80780
80758
80753
80742
80740
80718
80709
80699
80690
80682
80680
80659
80648
80643
80616
80614
80605
80605
80601
80596
80579
80579
80557
80548
80541
80530
80515
80513
80500
80491
80483
80479
80477
80466
80464
80437
80435
80432
80429
80428
80416
80411
80387
80385
80375
80348
80343
80321
80320
80294
80279
80278
80277
80265
80256
80255
80252
80244
80231
80212
80212
80190
80187
80182
80176
80170
80164
80156
80137
80111
80105
80099
80099
80098
80093
80085
80070
80063
80063
80053
80037
79996
79969
79944
79923
79915
79906
79893
79888
79871
79862
79860
79848
79841
79837
79833
79829
79821
79817
79798
79788
79774
79766
79759
79742
79733
79716
79714
79692
79689
79685
79670
79670
79655
79652
79641
79637
79636
79630
79628
79618
79617
79604
79602
79584
79581
79579
79577
79554
79531
79522
79518
79512
79498
79493
79490
79459
79453
79436
79424
79414
79413
79384
79383
79356
79351
79337
79308
79300
79295
79292
79280
79277
79235
79234
79223
79209
79180
79180
79172
79165
79131
79128
79110
79103
79099
79092
79092
79090
79090
79069
79068
79065
79061
79046
79037
79013
78990
78980
78963
78947
78945
78939
78936
78930
78895
78886
78868
78863
78852
78829
78819
78811
78811
78808
78804
78801
78784
78778
78778
78766
78764
78757
78746
78724
78710
78699
78694
78694
78683
78677
78676
78674
78673
78669
78662
78661
78648
78648
78643
78602
78596
78566
78536
78535
78525
78521
78516
78510
78492
78482
78459
78458
78458
78451
78450
78450
78438
78436
78427
78420
78415
78412
78390
78363
78341
78338
78328
78312
78304
78303
78290
78280
78272
78271
78270
78239
78235
78233
78217
78216
78191
78185
78178
78176
78174
78170
78141
78135
78130
78108
78095
78081
78066
78065
78064
78043
78033
78028
78028
78009
77969
77960
77938
77920
77914
77906
77898
77885
77878
77872
77855
77849
77848
77834
77806
77806
77796
77792
77792
77784
77759
77749
77735
77726
77717
77715
77695
77684
77683
77651
77649
77648
77639
77632
77623
77594
77562
77558
77552
77548
77534
77528
77527
77508
77493
77472
77461
77458
77452
77431
77429
77429
77425
77421
77413
77397
77395
77395
77378
77373
77366
77365
77363
77362
77361
77354
77348
77335
77328
77326
77325
77316
77303
77268
77264
77240
77238
77232
77226
77218
77200
77197
77191
77191
77177
77145
77144
77102
77095
77091
77043
77028
77025
77025
77023
77014
77010
76997
76992
76959
76958
76957
76955
76944
76929
76905
76902
76896
76877
76875
76860
76857
76856
76854
76843
76831
76824
76821
76821
76814
76807
76804
76787
76785
76778
76771
76763
76761
76726
76716
76706
76688
76673
76670
76669
76654
76634
76625
76624
76622
76614
76611
76584
76580
76580
76576
76574
76552
76539
76523
76516
76511
76500
76484
76478
76472
76469
76464
76444
76430
76427
76418
76412
76396
76393
76391
76387
76384
76331
76323
76317
76305
76278
76247
76239
76210
76204
76194
76184
76175
76160
76147
76143
76120
76107
76107
76089
76086
76083
76070
76070
76068
76064
76044
76023
76021
76016
76014
75959
75958
75957
75957
75934
75889
75887
75887
75862
75855
75789
75787
75787
75771
75752
75749
75743
75734
75719
75708
75683
75680
75677
75661
75654
75642
75631
75623
75616
75607
75601
75586
75579
75553
75545
75544
75537
75536
75529
75524
75523
75496
75493
75482
75456
75447
75437
75419
75405
75383
75375
75357
75316
75312
75301
75298
75296
75293
75277
75272
75267
75257
75256
75250
75243
75220
75217
75214
75196
75171
75167
75161
75157
75140
75109
75096
75093
75079
75049
75035
75020
75019
74992
74974
74972
74955
74950
74948
74941
74932
74917
74903
74903
74902
74901
74900
74900
74834
74818
74815
74783
74781
74758
74757
74755
74754
74733
74702
74677
74667
74663
74652
74652
74644
74640
74638
74631
74628
74621
74618
74613
74611
74591
74590
74575
74571
74567
74562
74557
74539
74534
74532
74531
74530
74525
74521
74513
74495
74487
74487
74484
74478
74466
74454
74452
74433
74428
74421
74410
74402
74392
74388
74378
74370
74360
74357
74355
74342
74336
74328
74326
74303
74302
74296
74295
74280
74263
74255
74254
74251
74249
74246
74219
74219
74211
74211
74201
74199
74192
74191
74172
74171
74169
74166
74161
74133
74098
74090
74082
74077
74060
74058
74056
74042
74032
74009
74002
73955
73953
73951
73945
73935
73929
73920
73911
73899
73884
73878
73868
73867
73853
73839
73838
73836
73818
73815
73798
73774
73767
73746
73718
73716
73715
73710
73709
73701
73698
73697
73693
73685
73680
73676
73669
73652
73635
73616
73615
73609
73574
73572
73572
73569
73565
73556
73556
73539
73534
73523
73513
73499
73489
73455
73453
73442
73438
73435
73420
73419
73412
73399
73382
73381
73367
73366
73362
73352
73348
73343
73320
73320
73305
73267
73264
73260
73247
73243
73236
73235
73229
73224
73223
73222
73204
73204
73190
73186
73182
73173
73171
73169
73165
73138
73128
73128
73126
73073
73072
73042
73037
72992
72967
72962
72958
72957
72954
72951
72948
72942
72898
72894
72892
72880
72876
72871
72866
72861
72855
72848
72842
72839
72820
72817
72774
72758
72755
72750
72740
72713
72690
72688
72677
72662
72651
72641
72635
72624
72615
72607
72607
72606
72584
72573
72540
72523
72522
72514
72502
72501
72489
72486
72478
72469
72465
72460
72457
72452
72443
72425
72394
72386
72385
72355
72348
72334
72320
72302
72299
72298
72286
72276
72276
72276
72263
72222
72221
72212
72207
72197
72193
72188
72174
72159
72153
72146
72139
72135
72133
72130
72126
72105
72088
72077
72068
72020
72018
72001
71995
71992
71990
71978
71972
71964
71944
71925
71911
71903
71881
71876
71874
71873
71872
71861
71849
71847
71840
71823
71822
71818
71817
71798
71765
71762
71739
71732
71729
71696
71671
71663
71655
71634
71634
71630
71629
71620
71615
71612
71612
71601
71569
71561
71552
71547
71546
71542
71536
71531
71522
71517
71510
71509
71502
71497
71489
71475
71459
71448
71441
71405
71400
71348
71336
71329
71318
71318
71302
71270
71264
71263
71263
71241
71229
71225
71209
71207
71204
71204
71197
71184
71177
71156
71148
71144
71142
71138
71138
71137
71130
71127
71120
71107
71089
71081
71068
71064
71059
71056
71053
71047
71043
71042
71040
71040
71039
71037
71026
71018
70999
70990
70989
70977
70974
70959
70957
70955
70948
70945
70900
70881
70865
70823
70810
70810
70809
70808
70789
70779
70740
70724
70702
70690
70685
70684
70684
70682
70679
70671
70655
70631
70623
70621
70607
70596
70593
70579
70578
70557
70552
70547
70540
70539
70536
70534
70531
70529
70522
70517
70512
70507
70493
70489
70480
70470
70461
70459
70440
70428
70424
70408
70406
70404
70404
70381
70378
70375
70368
70354
70354
70343
70338
70315
70310
70307
70297
70287
70275
70268
70267
70254
70236
70232
70205
70198
70177
70164
70158
70157
70141
70125
70122
70120
70094
70082
70062
70059
70052
70036
70035
70030
70013
70012
70009
69981
69981
69949
69943
69901
69887
69875
69872
69862
69855
69834
69813
69798
69791
69784
69759
69757
69756
69742
69740
69735
69727
69701
69679
69669
69668
69665
69651
69650
69647
69611
69607
69596
69581
69558
69551
69549
69524
69512
69508
69493
69493
69476
69472
69469
69469
69456
69441
69437
69435
69422
69422
69415
69414
69407
69403
69402
69401
69389
69382
69380
69358
69357
69345
69341
69331
69330
69329
69312
69305
69304
69302
69299
69291
69287
69273
69269
69250
69245
69233
69223
69207
69202
69200
69197
69178
69157
69149
69137
69129
69124
69120
69118
69116
69086
69078
69077
69056
69032
69032
69028
69027
68997
68981
68980
68979
68975
68962
68959
68939
68932
68908
68897
68889
68875
68863
68860
68853
68838
68822
68750
68733
68731
68713
68696
68685
68666
68664
68659
68646
68643
68627
68606
68603
68598
68575
68566
68562
68560
68559
68553
68519
68517
68505
68503
68503
68481
68457
68430
68409
68406
68393
68379
68363
68343
68337
68334
68320
68275
68266
68263
68261
68255
68244
68219
68212
68204
68192
68190
68189
68180
68162
68151
68145
68136
68128
68126
68120
68119
68112
68110
68109
68098
68093
68085
68075
68074
68074
68067
68061
68032
68022
68018
68018
68013
67987
67983
67981
67973
67972
67947
67939
67918
67915
67901
67898
67895
67894
67829
67806
67805
67775
67761
67747
67744
67733
67711
67697
67696
67695
67676
67671
67658
67653
67649
67645
67633
67632
67626
67626
67581
67580
67529
67527
67520
67513
67510
67507
67504
67498
67476
67453
67436
67431
67422
67403
67389
67389
67376
67369
67364
67356
67354
67352
67340
67305
67304
67303
67301
67297
67297
67296
67295
67295
67269
67265
67256
67251
67246
67241
67235
67233
67229
67203
67189
67188
67177
67165
67165
67164
67155
67154
67149
67148
67146
67130
67129
67116
67108
67105
67102
67073
67063
67059
67052
67045
67042
67039
67025
67013
67012
66985
66981
66976
66969
66966
66949
66926
66923
66922
66912
66907
66902
66898
66892
66881
66879
66848
66844
66842
66830
66813
66787
66777
66756
66752
66742
66740
66713
66712
66707
66707
66672
66654
66654
66648
66643
66631
66613
66608
66578
66577
66556
66553
66548
66541
66530
66513
66513
66493
66488
66486
66456
66430
66425
66417
66416
66401
66394
66387
66369
66355
66344
66341
66321
66303
66299
66296
66289
66288
66270
66255
66251
66226
66218
66213
66196
66183
66169
66158
66155
66150
66139
66116
66112
66109
66093
66081
66080
66079
66073
66063
66051
66046
66043
66042
66032
66029
66028
66026
66025
66017
65993
65979
65976
65971
65970
65970
65961
65926
65922
65908
65899
65888
65861
65847
65812
65812
65811
65802
65802
65784
65778
65778
65758
65756
65753
65749
65731
65721
65720
65719
65690
65603
65577
65565
65561
65554
65535
65528
65514
65512
65511
65484
65458
65449
65448
65444
65433
65386
65384
65381
65378
65376
65360
65354
65340
65332
65329
65325
65317
65312
65312
65307
65303
65303
65263
65253
65212
65206
65206
65186
65184
65178
65129
65117
65116
65115
65108
65107
65095
65080
65077
65069
65064
65052
65034
65028
65027
65016
65014
65000
64981
64968
64965
64940
64940
64924
64904
64891
64877
64852
64834
64832
64827
64816
64775
64767
64750
64736
64711
64706
64706
64698
64669
64651
64647
64645
64630
64625
64618
64605
64598
64596
64593
64592
64589
64558
64552
64549
64537
64537
64535
64514
64511
64499
64479
64470
64465
64460
64445
64438
64427
64425
64419
64409
64394
64376
64369
64366
64361
64357
64357
64342
64323
64323
64299
64279
64259
64257
64255
64238
64234
64232
64204
64196
64192
64187
64156
64154
64134
64113
64099
64087
64059
64056
64055
64050
64022
64019
64009
63981
63979
63956
63938
63917
63915
63907
63903
63885
63845
63843
63839
63817
63814
63807
63802
63794
63778
63745
63715
63709
63704
63700
63699
63680
63665
63663
63660
63644
63632
63618
63615
63604
63596
63592
63590
63583
63569
63565
63560
63559
63546
63542
63538
63534
63529
63524
63502
63498
63485
63484
63483
63482
63479
63475
63425
63396
63389
63358
63346
63340
63336
63323
63305
63294
63275
63274
63267
63238
63225
63218
63199
63196
63193
63192
63181
63177
63160
63157
63154
63148
63141
63137
63117
63114
63112
63100
63084
63056
63051
63033
63032
63023
63022
63021
63018
63013
63004
63003
62981
62977
62968
62942
62939
62931
62924
62907
62886
62882
62858
62848
62844
62840
62832
62821
62820
62797
62793
62777
62765
62743
62738
62721
62699
62691
62681
62660
62652
62647
62627
62619
62617
62603
62602
62597
62575
62567
62556
62523
62520
62515
62514
62505
62490
62481
62471
62454
62443
62441
62432
62428
62426
62424
62418
62416
62397
62387
62386
62373
62369
62356
62336
62316
62316
62301
62295
62280
62274
62271
62270
62257
62243
62223
62221
62200
62183
62171
62157
62142
62134
62125
62117
62116
62076
62071
62070
62069
62043
62021
62020
61980
61945
61937
61925
61923
61920
61913
61908
61902
61867
61860
61815
61809
61808
61807
61805
61787
61786
61785
61783
61760
61750
61741
61651
61644
61617
61599
61589
61583
61564
61563
61556
61552
61547
61507
61485
61479
61471
61460
61443
61424
61408
61405
61390
61389
61388
61366
61365
61364
61331
61297
61286
61282
61268
61267
61264
61241
61240
61231
61217
61204
61197
61194
61192
61175
61174
61171
61155
61155
61154
61139
61116
61102
61092
61062
61060
61050
61044
61035
61012
60999
60989
60983
60974
60969
60949
60935
60929
60917
60915
60914
60910
60904
60901
60901
60897
60894
60879
60875
60874
60864
60836
60831
60817
60815
60814
60804
60794
60792
60772
60770
60752
60746
60733
60730
60729
60725
60715
60698
60673
60650
60649
60644
60640
60637
60624
60612
60604
60586
60573
60564
60555
60553
60548
60543
60536
60532
60526
60525
60520
60498
60470
60469
60461
60444
60439
60438
60421
60414
60411
60399
60392
60382
60375
60373
60351
60324
60316
60305
60300
60277
60247
60232
60226
60223
60220
60215
60192
60170
60169
60165
60159
60104
60080
60048
60042
60038
60018
60017
60017
60000
59998
59979
59957
59947
59930
59905
59904
59894
59891
59883
59877
59853
59851
59847
59825
59824
59813
59803
59787
59752
59747
59740
59730
59728
59724
59705
59698
59693
59688
59678
59675
59674
59674
59668
59664
59658
59636
59617
59614
59611
59575
59565
59561
59558
59553
59545
59543
59538
59537
59533
59529
59507
59493
59493
59479
59479
59478
59472
59443
59443
59437
59437
59435
59431
59431
59426
59386
59386
59385
59380
59363
59360
59339
59310
59305
59305
59286
59272
59266
59259
59258
59254
59234
59226
59221
59200
59198
59190
59189
59155
59144
59133
59112
59107
59105
59103
59071
59070
59056
59048
59032
59027
59021
59010
59002
59000
58992
58985
58972
58958
58931
58929
58913
58902
58866
58866
58854
58851
58844
58822
58814
58802
58774
58765
58755
58747
58732
58704
58702
58699
58695
58685
58680
58679
58659
58638
58618
58617
58610
58598
58597
58581
58572
58568
58558
58556
58550
58528
58528
58503
58495
58486
58479
58473
58471
58469
58469
58437
58429
58423
58413
58404
58379
58375
58358
58352
58350
58350
58344
58328
58309
58307
58284
58282
58281
58276
58238
58223
58221
58219
58203
58192
58183
58182
58143
58133
58111
58091
58082
58057
58054
58050
58044
58015
57983
57955
57949
57925
57915
57914
57914
57868
57867
57866
57851
57840
57838
57828
57826
57806
57798
57783
57764
57759
57752
57742
57741
57733
57717
57709
57705
57690
57690
57670
57661
57661
57649
57633
57621
57597
57597
57595
57590
57586
57553
57551
57548
57546
57534
57504
57486
57482
57473
57446
57445
57439
57437
57432
57428
57423
57423
57419
57418
57410
57407
57403
57402
57382
57380
57357
57353
57341
57330
57318
57316
57314
57288
57272
57260
57255
57234
57233
57209
57184
57183
57181
57173
57151
57140
57131
57083
57079
57076
57071
57070
57063
57058
57050
57018
56994
56993
56983
56982
56973
56968
56920
56915
56911
56909
56903
56900
56899
56895
56866
56853
56839
56833
56818
56800
56795
56794
56772
56764
56755
56755
56752
56750
56749
56748
56746
56742
56740
56739
56737
56719
56705
56701
56692
56690
56668
56651
56646
56641
56633
56583
56583
56576
56570
56570
56566
56556
56555
56547
56545
56529
56488
56484
56476
56450
56437
56430
56419
56411
56376
56365
56359
56351
56347
56296
56287
56286
56258
56247
56245
56236
56235
56217
56204
56202
56202
56192
56188
56182
56159
56155
56141
56129
56110
56109
56106
56106
56103
56101
56097
56079
56079
56066
56061
56051
56046
56043
56040
56040
56028
56016
56011
55991
55991
55980
55962
55946
55946
55939
55930
55912
55906
55889
55889
55884
55879
55861
55857
55847
55842
55838
55819
55798
55793
55773
55772
55763
55760
55719
55688
55678
55663
55659
55656
55644
55633
55630
55621
55615
55607
55599
55593
55590
55590
55572
55571
55553
55549
55522
55520
55511
55504
55475
55473
55467
55460
55457
55444
55412
55412
55410
55402
55399
55387
55382
55377
55369
55365
55365
55355
55353
55345
55335
55320
55316
55314
55305
55247
55241
55227
55227
55194
55169
55168
55163
55151
55150
55145
55141
55128
55125
55097
55096
55095
55095
55086
55084
55077
55073
55052
55050
55047
55040
55025
55022
55017
54995
54992
54980
54976
54962
54950
54949
54946
54938
54932
54929
54918
54901
54900
54899
54879
54870
54868
54844
54839
54833
54832
54828
54810
54799
54787
54783
54776
54765
54750
54729
54729
54709
54696
54678
54674
54667
54660
54639
54639
54628
54625
54616
54611
54598
54584
54566
54558
54551
54539
54530
54527
54516
54508
54478
54476
54456
54442
54434
54432
54432
54416
54409
54402
54386
54377
54368
54363
54338
54337
54334
54331
54303
54303
54299
54287
54285
54285
54279
54264
54254
54208
54201
54190
54179
54140
54122
54109
54088
54073
54037
54012
53997
53973
53960
53953
53943
53937
53937
53931
53916
53914
53913
53896
53887
53870
53844
53840
53837
53828
53826
53821
53821
53809
53797
53795
53787
53768
53756
53753
53753
53752
53751
53739
53731
53730
53722
53718
53697
53668
53666
53635
53625
53618
53617
53607
53606
53600
53589
53584
53569
53564
53557
53546
53538
53533
53528
53511
53491
53478
53397
53394
53392
53391
53386
53384
53381
53355
53352
53348
53325
53321
53308
53307
53300
53285
53273
53273
53264
53255
53245
53242
53237
53237
53236
53230
53219
53191
53182
53180
53180
53167
53162
53156
53154
53144
53140
53133
53126
53105
53104
53097
53089
53081
53080
53067
53063
53047
53043
53042
53033
53028
53025
53009
53004
52980
52980
52978
52940
52936
52932
52929
52925
52919
52907
52905
52904
52891
52884
52882
52881
52881
52879
52872
52863
52863
52847
52842
52839
52833
52831
52828
52822
52816
52791
52779
52775
52773
52772
52772
52767
52763
52751
52748
52746
52735
52695
52688
52635
52626
52603
52602
52594
52583
52578
52568
52523
52518
52500
52500
52464
52463
52444
52436
52429
52424
52419
52413
52399
52362
52349
52349
52344
52342
52332
52310
52285
52281
52268
52259
52257
52249
52231
52221
52203
52200
52197
52173
52155
52142
52137
52125
52123
52118
52113
52111
52107
52097
52092
52089
52054
52050
52043
52007
52004
51985
51968
51960
51946
51936
51920
51875
51871
51866
51846
51844
51840
51827
51822
51816
51814
51801
51780
51779
51779
51778
51768
51740
51730
51687
51672
51670
51656
51626
51623
51621
51616
51610
51605
51602
51599
51599
51598
51584
51578
51577
51577
51571
51534
51532
51492
51488
51479
51467
51443
51382
51372
51365
51363
51353
51352
51312
51289
51287
51280
51280
51268
51225
51220
51160
51154
51148
51130
51124
51097
51086
51085
51083
51081
51067
51057
51047
51044
51036
51036
51024
51019
50998
50982
50976
50970
50965
50965
50957
50936
50917
50887
50874
50874
50870
50860
50823
50809
50803
50780
50765
50755
50742
50733
50714
50697
50676
50673
50663
50662
50657
50652
50650
50612
50603
50596
50591
50578
50549
50543
50538
50535
50518
50502
50494
50479
50473
50452
50448
50430
50427
50425
50422
50401
50389
50364
50351
50346
50344
50336
50333
50323
50307
50276
50274
50260
50247
50246
50212
50190
50177
50176
50169
50167
50158
50150
50146
50146
50146
50142
50137
50084
50077
50073
50061
50058
50054
50025
50006
50003
49981
49972
49950
49950
49947
49946
49943
49931
49923
49906
49902
49901
49899
49898
49878
49857
49853
49848
49846
49843
49836
49826
49815
49815
49814
49803
49801
49797
49788
49778
49768
49763
49760
49757
49744
49731
49725
49721
49712
49678
49673
49672
49669
49655
49639
49616
49615
49613
49608
49601
49588
49559
49553
49538
49529
49528
49528
49528
49527
49520
49515
49491
49490
49471
49452
49447
49431
49421
49407
49396
49393
49359
49356
49354
49335
49314
49313
49310
49287
49279
49258
49251
49249
49247
49237
49235
49233
49219
49214
49203
49197
49167
49167
49136
49134
49133
49102
49095
49087
49085
49044
49003
48994
48982
48982
48982
48975
48953
48953
48952
48909
48900
48897
48893
48882
48882
48874
48874
48873
48863
48852
48849
48841
48833
48816
48791
48790
48785
48779
48775
48774
48773
48753
48741
48731
48720
48718
48716
48709
48705
48700
48695
48686
48679
48679
48662
48656
48656
48644
48639
48624
48623
48620
48608
48591
48587
48580
48580
48576
48569
48569
48562
48543
48541
48540
48528
48519
48513
48506
48503
48500
48500
48480
48466
48458
48454
48450
48428
48425
48390
48389
48381
48374
48370
48363
48353
48352
48330
48318
48317
48307
48299
48286
48277
48254
48247
48228
48219
48202
48194
48178
48166
48163
48134
48121
48105
48103
48102
48095
48069
48047
48041
48031
48018
48000
47993
47977
47966
47948
47939
47933
47931
47906
47899
47890
47876
47868
47866
47855
47853
47843
47813
47812
47809
47799
47797
47792
47790
47785
47782
47750
47738
47730
47728
47727
47710
47708
47705
47698
47697
47686
47674
47659
47650
47646
47642
47625
47605
47599
47596
47584
47579
47577
47566
47553
47543
47520
47499
47406
47400
47390
47377
47374
47357
47356
47352
47321
47317
47306
47268
47260
47253
47250
47241
47240
47234
47230
47226
47223
47217
47193
47189
47175
47168
47153
47137
47127
47119
47119
47109
47095
47091
47067
47064
47049
47012
46997
46963
46951
46951
46934
46929
46923
46886
46884
46876
46855
46852
46849
46820
46818
46796
46789
46788
46769
46766
46763
46731
46709
46697
46686
46684
46667
46653
46639
46617
46596
46589
46582
46581
46557
46551
46550
46547
46544
46536
46529
46512
46507
46488
46485
46457
46449
46428
46422
46418
46402
46400
46391
46362
46354
46341
46335
46309
46304
46299
46299
46298
46297
46288
46269
46269
46265
46261
46255
46242
46234
46228
46200
46198
46179
46169
46160
46119
46108
46107
46107
46102
46087
46077
46075
46062
46037
46033
46023
46017
46016
46002
45998
45980
45969
45961
45957
45936
45923
45921
45918
45915
45902
45892
45886
45862
45852
45850
45822
45809
45802
45801
45800
45749
45746
45743
45722
45686
45683
45666
45658
45657
45653
45635
45627
45623
45620
45616
45607
45596
45578
45558
45555
45554
45552
45548
45541
45538
45528
45513
45505
45504
45503
45500
45488
45487
45483
45479
45454
45435
45429
45415
45414
45401
45390
45387
45375
45367
45357
45351
45345
45317
45300
45294
45269
45263
45248
45247
45223
45202
45195
45164
45162
45152
45138
45138
45138
45135
45135
45134
45129
45125
45104
45098
45082
45071
45064
45044
45011
45008
44980
44980
44974
44970
44970
44970
44956
44925
44924
44913
44861
44824
44797
44783
44769
44766
44756
44751
44750
44748
44741
44737
44724
44720
44720
44711
44706
44694
44693
44693
44692
44675
44669
44668
44656
44639
44619
44606
44604
44603
44597
44596
44588
44587
44577
44577
44554
44539
44509
44507
44506
44502
44493
44489
44480
44468
44455
44439
44437
44417
44400
44390
44367
44355
44309
44293
44285
44285
44246
44245
44205
44202
44202
44180
44178
44164
44162
44162
44114
44100
44081
44077
44064
44049
44030
44029
44008
44005
43999
43987
43984
43969
43968
43960
43954
43931
43930
43926
43907
43890
43885
43885
43884
43876
43876
43872
43871
43850
43841
43838
43818
43813
43809
43798
43796
43795
43779
43775
43763
43759
43751
43748
43739
43736
43733
43700
43696
43693
43675
43674
43660
43634
43633
43627
43605
43593
43577
43575
43568
43526
43523
43501
43468
43459
43449
43428
43422
43421
43418
43413
43410
43404
43402
43398
43398
43372
43371
43364
43363
43346
43343
43335
43334
43331
43325
43320
43306
43300
43294
43288
43280
43269
43264
43233
43229
43224
43208
43189
43174
43162
43150
43132
43102
43101
43087
43050
43046
43039
43024
43013
42984
42979
42973
42971
42957
42915
42912
42908
42908
42888
42884
42877
42861
42860
42850
42849
42837
42836
42830
42823
42821
42809
42805
42795
42789
42768
42762
42757
42748
42745
42743
42732
42728
42719
42715
42698
42693
42677
42675
42671
42664
42663
42655
42638
42635
42624
42623
42619
42614
42607
42588
42587
42581
42574
42567
42547
42533
42527
42526
42524
42521
42518
42517
42502
42488
42454
42445
42392
42382
42381
42379
42355
42310
42280
42273
42268
42257
42251
42249
42247
42229
42213
42211
42207
42204
42199
42186
42183
42151
42147
42140
42129
42127
42127
42125
42122
42122
42088
42080
42070
42055
42049
42047
42027
42026
42025
42021
42006
42005
42004
42001
41987
41986
41977
41950
41918
41915
41907
41902
41876
41875
41874
41872
41867
41866
41866
41856
41849
41848
41822
41818
41804
41792
41775
41769
41757
41737
41721
41717
41715
41705
41702
41698
41697
41681
41676
41663
41655
41627
41618
41601
41598
41585
41585
41582
41577
41575
41574
41573
41568
41542
41541
41536
41516
41516
41512
41512
41512
41507
41505
41478
41472
41455
41446
41437
41435
41431
41401
41399
41374
41373
41355
41345
41342
41324
41315
41312
41309
41275
41252
41244
41244
41242
41225
41215
41212
41202
41199
41180
41176
41170
41165
41159
41159
41128
41108
41055
41039
41039
41036
41029
41023
41015
41012
41006
40984
40974
40970
40957
40954
40896
40891
40888
40878
40878
40875
40865
40865
40863
40860
40856
40848
40843
40835
40834
40828
40820
40806
40777
40768
40760
40745
40734
40722
40709
40691
40683
40675
40650
40636
40635
40628
40613
40604
40602
40596
40590
40576
40553
40552
40535
40525
40521
40502
40481
40476
40453
40449
40422
40417
40411
40409
40403
40402
40393
40363
40359
40355
40348
40340
40339
40316
40312
40312
40308
40283
40279
40265
40260
40257
40246
40245
40203
40183
40176
40159
40146
40131
40129
40121
40117
40100
40087
40024
40019
40000
39993
39992
39990
39988
39982
39968
39968
39954
39942
39917
39917
39913
39912
39908
39907
39890
39883
39881
39874
39863
39860
39848
39823
39823
39811
39798
39783
39767
39737
39710
39704
39697
39697
39694
39686
39672
39654
39641
39635
39632
39617
39610
39576
39548
39546
39541
39540
39535
39533
39506
39491
39482
39455
39443
39441
39429
39422
39420
39411
39410
39409
39397
39368
39350
39344
39338
39336
39336
39331
39321
39313
39300
39292
39291
39278
39273
39265
39257
39252
39244
39212
39211
39208
39195
39186
39182
39181
39173
39171
39149
39147
39135
39128
39122
39108
39107
39102
39101
39093
39072
39056
39053
39035
39034
39032
39025
39022
39020
39007
39005
38992
38991
38981
38981
38971
38964
38962
38954
38937
38937
38925
38925
38910
38875
38874
38849
38837
38820
38803
38803
38798
38789
38782
38781
38770
38755
38749
38738
38733
38706
38698
38698
38681
38662
38657
38642
38634
38618
38617
38612
38598
38590
38585
38573
38543
38533
38531
38525
38524
38519
38514
38502
38482
38478
38470
38461
38416
38360
38353
38351
38347
38340
38332
38313
38305
38294
38287
38282
38269
38257
38243
38234
38228
38223
38214
38214
38211
38198
38197
38195
38193
38193
38184
38179
38167
38157
38143
38115
38115
38098
38086
38079
38071
38067
38065
38061
38056
38045
38042
38038
38030
38017
38015
38006
38000
37987
37978
37962
37955
37953
37950
37945
37943
37936
37928
37904
37895
37891
37867
37859
37854
37831
37830
37817
37810
37787
37777
37758
37753
37749
37748
37747
37745
37725
37663
37659
37630
37619
37611
37608
37585
37584
37581
37579
37569
37568
37567
37557
37546
37543
37540
37519
37507
37497
37497
37495
37494
37493
37491
37470
37462
37450
37442
37426
37417
37408
37407
37406
37397
37382
37369
37357
37355
37347
37347
37345
37339
37332
37323
37319
37316
37313
37304
37282
37260
37237
37226
37217
37199
37195
37195
37172
37155
37155
37127
37104
37104
37085
37082
37073
37067
37057
37056
37041
37040
37033
37019
36980
36972
36971
36957
36956
36955
36954
36925
36885
36882
36882
36877
36869
36867
36857
36855
36849
36845
36832
36832
36831
36802
36793
36790
36785
36782
36775
36775
36768
36765
36759
36757
36745
36719
36705
36699
36692
36683
36677
36675
36674
36658
36645
36641
36626
36624
36607
36561
36547
36542
36518
36502
36497
36490
36480
36473
36467
36427
36399
36346
36342
36339
36337
36321
36319
36309
36303
36234
36226
36222
36221
36209
36197
36188
36182
36179
36171
36150
36148
36141
36139
36133
36131
36123
36122
36120
36116
36114
36104
36091
36090
36089
36063
36051
36051
36046
36045
36037
36035
36034
36033
36030
36028
36010
36008
36003
35992
35992
35991
35979
35975
35969
35948
35944
35936
35917
35907
35905
35900
35869
35857
35839
35824
35810
35808
35799
35793
35788
35781
35770
35768
35756
35745
35741
35708
35706
35690
35685
35669
35651
35615
35609
35606
35598
35593
35590
35581
35579
35579
35561
35560
35548
35547
35546
35543
35540
35529
35518
35502
35492
35491
35455
35416
35411
35409
35403
35401
35345
35317
35308
35292
35291
35286
35282
35274
35236
35235
35224
35212
35203
35193
35189
35188
35182
35160
35154
35145
35142
35132
35127
35116
35096
35086
35079
35072
35055
35052
35043
35028
35022
35018
35016
34996
34989
34987
34978
34970
34962
34958
34941
34937
34930
34907
34902
34881
34850
34842
34837
34832
34818
34816
34786
34772
34744
34716
34697
34691
34671
34656
34645
34638
34634
34629
34616
34608
34599
34596
34582
34560
34557
34551
34545
34532
34525
34512
34511
34488
34486
34477
34473
34454
34444
34426
34422
34405
34394
34392
34390
34383
34372
34352
34344
34340
34334
34329
34321
34318
34311
34293
34288
34269
34268
34246
34238
34220
34211
34208
34193
34189
34187
34187
34185
34184
34177
34155
34152
34151
34148
34112
34109
34107
34102
34098
34094
34089
34076
34073
34064
34053
34053
34050
34034
33983
33977
33968
33968
33963
33955
33938
33936
33929
33887
33883
33880
33874
33864
33856
33844
33844
33830
33816
33811
33809
33781
33774
33769
33763
33753
33751
33736
33735
33735
33724
33722
33707
33695
33691
33684
33681
33674
33672
33651
33643
33638
33632
33622
33622
33622
33578
33535
33475
33472
33463
33452
33443
33430
33412
33401
33389
33389
33385
33350
33314
33279
33272
33271
33269
33264
33263
33243
33243
33242
33239
33231
33222
33220
33215
33213
33190
33162
33158
33150
33133
33126
33122
33120
33118
33114
33108
33104
33103
33090
33087
33082
33064
33051
33038
33038
33013
32964
32964
32960
32942
32936
32934
32926
32913
32913
32887
32880
32868
32861
32859
32854
32854
32851
32843
32843
32829
32827
32826
32812
32811
32811
32808
32797
32794
32792
32786
32773
32762
32758
32757
32726
32714
32695
32695
32693
32680
32674
32667
32662
32641
32627
32623
32622
32617
32585
32563
32555
32533
32504
32503
32481
32480
32480
32466
32456
32456
32445
32444
32444
32437
32436
32432
32417
32414
32404
32392
32388
32382
32374
32352
32328
32324
32315
32293
32290
32289
32285
32269
32235
32231
32221
32208
32208
32206
32198
32175
32128
32114
32113
32107
32098
32093
32049
32049
32041
32034
32023
32017
32007
32004
31993
31986
31983
31966
31963
31956
31956
31952
31948
31902
31894
31887
31878
31878
31872
31871
31864
31851
31839
31832
31826
31812
31779
31764
31764
31763
31750
31746
31734
31727
31724
31724
31706
31697
31696
31680
31670
31665
31657
31575
31569
31559
31557
31553
31548
31502
31495
31494
31491
31487
31485
31483
31480
31477
31470
31456
31454
31449
31448
31438
31407
31407
31397
31392
31390
31388
31363
31363
31329
31323
31320
31293
31277
31270
31269
31264
31252
31250
31238
31236
31232
31215
31212
31207
31201
31197
31181
31166
31154
31153
31134
31129
31119
31112
31106
31101
31093
31089
31086
31085
31076
31015
31005
31004
31001
30995
30986
30968
30964
30948
30943
30942
30941
30938
30931
30923
30920
30893
30883
30873
30866
30848
30838
30832
30829
30826
30812
30811
30808
30794
30789
30785
30780
30765
30764
30764
30764
30749
30733
30715
30707
30699
30696
30680
30675
30670
30658
30653
30645
30640
30639
30625
30605
30553
30543
30536
30536
30535
30532
30530
30526
30520
30515
30492
30486
30470
30465
30447
30445
30438
30415
30400
30384
30382
30372
30339
30337
30333
30325
30310
30299
30293
30272
30260
30238
30223
30202
30168
30165
30161
30160
30156
30152
30139
30135
30112
30100
30062
30035
30031
30028
30028
30020
30019
29978
29946
29939
29913
29903
29894
29877
29877
29842
29841
29840
29836
29813
29807
29795
29790
29789
29786
29763
29726
29708
29650
29614
29609
29605
29605
29602
29602
29593
29588
29575
29572
29533
29528
29523
29506
29493
29476
29467
29466
29463
29455
29398
29396
29394
29383
29373
29367
29360
29358
29353
29347
29346
29345
29340
29339
29335
29287
29284
29282
29268
29252
29252
29218
29218
29210
29204
29204
29203
29199
29195
29187
29169
29167
29164
29150
29143
29141
29137
29137
29135
29129
29123
29122
29121
29100
29098
29093
29080
29071
29036
29028
29024
29021
29011
29011
28982
28976
28965
28961
28937
28927
28915
28902
28898
28894
28889
28880
28876
28866
28851
28833
28823
28801
28801
28798
28783
28765
28752
28731
28730
28727
28710
28692
28686
28681
28678
28666
28660
28649
28648
28646
28644
28643
28642
28641
28634
28629
28628
28609
28609
28602
28589
28584
28582
28569
28548
28526
28513
28476
28462
28460
28447
28439
28430
28417
28408
28405
28400
28399
28393
28363
28339
28331
28318
28301
28300
28298
28292
28289
28288
28273
28259
28257
28256
28254
28245
28228
28221
28217
28213
28209
28200
28194
28190
28187
28185
28159
28154
28149
28142
28083
28065
28057
28053
28038
28036
28029
28021
28003
27996
27959
27918
27904
27889
27886
27882
27873
27858
27836
27814
27808
27808
27808
27794
27793
27790
27786
27775
27775
27763
27752
27742
27742
27737
27726
27717
27716
27712
27709
27706
27696
27683
27677
27675
27653
27636
27634
27620
27615
27614
27613
27586
27573
27564
27559
27558
27557
27541
27536
27529
27529
27518
27517
27512
27501
27493
27489
27461
27452
27452
27433
27417
27414
27412
27391
27317
27299
27298
27294
27275
27273
27267
27246
27239
27231
27215
27211
27211
27201
27192
27189
27134
27131
27128
27125
27105
27100
27077
27067
27061
27043
27041
27021
27018
27014
27001
26980
26973
26965
26965
26957
26956
26944
26932
26924
26922
26905
26898
26857
26845
26828
26822
26817
26816
26812
26803
26763
26760
26759
26737
26734
26730
26725
26710
26686
26682
26662
26658
26639
26612
26603
26599
26594
26592
26571
26550
26529
26523
26516
26504
26500
26486
26472
26472
26465
26430
26428
26426
26404
26383
26381
26375
26371
26365
26364
26344
26343
26338
26288
26255
26249
26211
26205
26202
26198
26181
26175
26146
26143
26133
26132
26111
26107
26095
26094
26076
26063
26062
26044
26038
26025
26024
26004
25997
25977
25976
25974
25946
25931
25919
25878
25875
25866
25865
25860
25855
25842
25836
25830
25824
25805
25802
25801
25800
25797
25787
25785
25779
25750
25730
25729
25725
25718
25716
25695
25691
25689
25683
25672
25664
25650
25626
25623
25615
25603
25599
25592
25557
25542
25541
25532
25487
25484
25478
25435
25435
25412
25407
25392
25373
25364
25360
25353
25346
25344
25339
25334
25320
25319
25314
25307
25291
25287
25281
25281
25266
25265
25259
25241
25237
25217
25211
25208
25181
25174
25152
25150
25143
25143
25141
25140
25137
25117
25113
25110
25110
25108
25101
25091
25086
25084
25080
25070
25066
25065
25062
25059
25046
25027
25016
25005
24990
24930
24922
24914
24890
24880
24864
24863
24862
24857
24854
24844
24834
24830
24819
24799
24785
24781
24778
24778
24764
24759
24752
24739
24723
24723
24718
24718
24710
24706
24682
24681
24671
24671
24667
24659
24654
24650
24643
24636
24619
24599
24597
24581
24568
24565
24539
24528
24527
24504
24494
24493
24465
24462
24452
24442
24441
24438
24429
24419
24417
24388
24371
24367
24355
24354
24346
24340
24333
24316
24316
24300
24290
24287
24284
24277
24273
24262
24257
24257
24229
24225
24219
24201
24184
24163
24151
24127
24100
24057
24028
24011
23989
23979
23971
23954
23932
23905
23897
23897
23896
23886
23878
23853
23850
23816
23799
23797
23759
23750
23744
23734
23728
23722
23722
23720
23703
23696
23695
23689
23686
23684
23675
23674
23667
23664
23661
23660
23656
23647
23622
23605
23598
23593
23580
23575
23573
23548
23539
23525
23522
23499
23495
23490
23481
23474
23450
23447
23446
23443
23428
23423
23418
23411
23408
23398
23391
23387
23382
23378
23373
23350
23338
23330
23318
23311
23302
23299
23292
23283
23281
23274
23266
23265
23254
23250
23247
23233
23231
23221
23218
23198
23194
23184
23173
23147
23127
23121
23114
23109
23107
23102
23088
23088
23083
23082
23070
23053
23045
23037
23033
23027
23026
23015
23003
23000
22985
22982
22977
22956
22950
22932
22903
22893
22878
22874
22863
22860
22860
22846
22838
22834
22828
22789
22763
22762
22748
22744
22729
22722
22703
22695
22691
22689
22689
22684
22661
22660
22659
22658
22657
22656
22620
22602
22601
22599
22592
22583
22571
22556
22556
22543
22531
22517
22496
22495
22486
22456
22454
22449
22447
22439
22423
22411
22409
22406
22391
22383
22381
22374
22367
22342
22342
22337
22323
22316
22292
22283
22276
22271
22261
22256
22253
22242
22239
22220
22190
22177
22160
22159
22149
22142
22137
22118
22110
22108
22099
22094
22088
22087
22083
22081
22070
22068
22067
22065
22051
22051
22047
22035
22034
22032
22022
22006
22006
21964
21944
21938
21935
21927
21903
21896
21893
21892
21876
21851
21821
21810
21798
21796
21787
21785
21761
21751
21751
21746
21731
21731
21730
21726
21723
21696
21670
21662
21631
21625
21618
21611
21603
21603
21593
21570
21565
21564
21552
21546
21545
21544
21536
21521
21514
21507
21502
21500
21495
21482
21476
21476
21465
21455
21455
21444
21444
21431
21417
21415
21375
21372
21371
21363
21363
21340
21335
21323
21318
21317
21314
21298
21295
21292
21284
21269
21260
21260
21259
21259
21258
21240
21213
21203
21199
21173
21165
21155
21149
21138
21138
21133
21122
21120
21119
21110
21100
21100
21050
21040
21034
21030
21013
21005
20999
20989
20984
20976
20962
20959
20944
20938
20936
20935
20930
20911
20898
20895
20891
20891
20881
20866
20864
20858
20850
20848
20846
20825
20800
20797
20766
20745
20736
20714
20703
20702
20693
20681
20651
20631
20628
20600
20587
20560
20547
20537
20515
20504
20502
20475
20471
20448
20438
20435
20420
20418
20416
20408
20395
20391
20370
20325
20320
20305
20288
20287
20281
20274
20272
20266
20253
20246
20218
20202
20193
20175
20162
20156
20136
20135
20127
20101
20095
20083
20081
20078
20073
20073
20065
20058
20045
20031
20028
20019
20008
20003
19992
19989
19972
19963
19956
19948
19947
19942
19935
19934
19911
19900
19862
19859
19854
19848
19818
19801
19798
19798
19794
19793
19779
19771
19760
19753
19752
19738
19738
19737
19719
19688
19687
19677
19665
19653
19652
19648
19643
19616
19616
19615
19608
19600
19597
19587
19579
19567
19567
19566
19555
19551
19546
19530
19515
19511
19509
19491
19465
19460
19457
19456
19451
19450
19450
19431
19431
19417
19405
19361
19349
19345
19345
19336
19335
19334
19334
19325
19309
19294
19276
19271
19263
19257
19257
19257
19256
19245
19241
19236
19189
19187
19182
19171
19155
19140
19137
19127
19124
19108
19102
19101
19097
19092
19075
19068
19065
19064
19048
19041
19037
19032
18988
18979
18962
18954
18946
18907
18906
18899
18882
18880
18876
18873
18868
18859
18859
18787
18771
18764
18762
18749
18737
18728
18722
18718
18704
18693
18671
18670
18668
18663
18660
18643
18626
18615
18600
18589
18565
18558
18551
18551
18535
18535
18532
18528
18419
18416
18374
18362
18317
18317
18295
18271
18268
18254
18242
18227
18186
18179
18169
18135
18117
18099
18095
18092
18081
18073
18071
18066
18066
18061
18059
18044
18003
18001
17989
17977
17962
17959
17938
17933
17913
17899
17886
17866
17863
17857
17827
17810
17801
17801
17784
17780
17773
17767
17753
17740
17729
17719
17700
17674
17657
17653
17650
17643
17634
17632
17628
17599
17591
17576
17575
17565
17561
17542
17531
17493
17493
17461
17446
17430
17412
17410
17393
17374
17353
17339
17311
17311
17302
17298
17264
17256
17253
17242
17239
17221
17218
17206
17187
17182
17175
17166
17163
17162
17161
17152
17138
17132
17129
17086
17084
17070
17068
17066
17046
17045
17042
17035
17018
16996
16984
16981
16974
16967
16935
16933
16920
16916
16912
16910
16899
16898
16890
16885
16884
16873
16869
16846
16824
16823
16819
16808
16807
16802
16797
16796
16784
16782
16772
16771
16759
16723
16722
16715
16711
16710
16706
16669
16667
16659
16636
16632
16625
16597
16591
16585
16575
16573
16567
16551
16546
16526
16478
16458
16445
16443
16440
16427
16425
16424
16421
16410
16405
16399
16398
16398
16390
16386
16371
16349
16348
16345
16338
16334
16330
16321
16302
16298
16283
16262
16242
16219
16212
16204
16196
16184
16168
16167
16155
16148
16145
16130
16127
16117
16114
16113
16106
16101
16093
16083
16078
16053
16052
16042
16012
16008
15997
15982
15977
15972
15958
15955
15947
15938
15919
15910
15897
15887
15884
15880
15880
15880
15878
15872
15864
15863
15852
15849
15833
15823
15819
15810
15798
15791
15789
15780
15772
15768
15759
15741
15740
15725
15695
15689
15681
15678
15669
15653
15643
15637
15636
15631
15614
15613
15613
15609
15556
15548
15544
15542
15525
15493
15478
15440
15436
15431
15423
15420
15406
15396
15384
15381
15380
15376
15356
15350
15346
15331
15315
15312
15308
15289
15269
15262
15248
15233
15231
15199
15180
15162
15158
15151
15146
15119
15111
15104
15096
15092
15080
15080
15078
15050
15050
15045
15038
15037
15014
14973
14965
14960
14959
14954
14949
14922
14911
14906
14904
14900
14888
14875
14866
14865
14819
14815
14801
14785
14779
14770
14769
14766
14747
14745
14721
14719
14714
14686
14673
14670
14661
14661
14654
14653
14625
14622
14612
14606
14598
14598
14591
14585
14584
14565
14559
14531
14513
14506
14497
14489
14484
14482
14477
14474
14452
14447
14446
14440
14423
14421
14415
14412
14374
14374
14337
14334
14332
14331
14331
14327
14316
14305
14302
14291
14281
14278
14272
14251
14244
14241
14240
14224
14223
14211
14203
14201
14201
14200
14195
14189
14186
14182
14180
14171
14162
14145
14144
14127
14125
14119
14113
14097
14088
14086
14079
14072
14071
14056
14040
14030
14029
14025
14018
14008
14005
14000
13994
13989
13970
13966
13966
13958
13951
13935
13912
13910
13909
13892
13885
13872
13859
13852
13852
13846
13836
13817
13785
13765
13760
13753
13746
13701
13684
13684
13681
13674
13661
13658
13649
13624
13612
13611
13611
13605
13581
13580
13574
13574
13547
13528
13527
13517
13504
13500
13499
13499
13491
13476
13456
13448
13446
13435
13433
13432
13431
13424
13396
13392
13390
13381
13373
13371
13371
13356
13352
13347
13345
13343
13343
13341
13336
13331
13315
13310
13305
13298
13283
13277
13271
13270
13265
13254
13248
13244
13242
13225
13213
13212
13211
13179
13159
13141
13140
13139
13132
13132
13124
13087
13086
13071
13056
13053
13039
13025
13022
13021
13015
13004
12995
12988
12980
12951
12948
12943
12928
12921
12896
12891
12886
12867
12860
12854
12838
12827
12826
12819
12801
12788
12776
12745
12730
12725
12698
12692
12662
12659
12651
12631
12585
12578
12573
12573
12566
12547
12537
12524
12520
12511
12504
12498
12497
12485
12478
12435
12410
12407
12402
12401
12374
12363
12357
12349
12347
12337
12331
12325
12317
12296
12293
12290
12237
12235
12226
12212
12189
12184
12172
12157
12141
12136
12123
12105
12101
12090
12085
12084
12084
12076
12069
12067
12054
12045
12041
12036
12027
12019
11993
11992
11986
11977
11974
11974
11958
11952
11950
11948
11942
11928
11921
11920
11911
11900
11891
11884
11863
11859
11854
11850
11846
11837
11836
11801
11800
11779
11774
11773
11770
11753
11750
11743
11741
11731
11722
11707
11702
11690
11689
11670
11662
11655
11654
11638
11601
11597
11579
11576
11564
11555
11520
11505
11496
11494
11487
11486
11482
11476
11469
11428
11415
11411
11393
11308
11302
11293
11279
11268
11263
11256
11250
11232
11223
11220
11203
11202
11200
11198
11177
11173
11169
11163
11138
11130
11127
11125
11111
11100
11087
11087
11075
11066
11063
11059
11058
11042
11039
11035
11035
11018
11018
11006
10995
10980
10974
10973
10969
10965
10954
10945
10926
10922
10897
10891
10890
10869
10869
10857
10849
10844
10813
10813
10810
10802
10795
10794
10785
10778
10765
10759
10757
10746
10745
10710
10703
10687
10686
10675
10665
10664
10661
10646
10642
10622
10615
10609
10608
10599
10577
10557
10541
10536
10534
10526
10511
10490
10472
10465
10451
10408
10399
10388
10379
10376
10369
10350
10325
10302
10292
10290
10289
10284
10283
10268
10258
10258
10217
10216
10182
10182
10176
10174
10173
10156
10148
10144
10143
10121
10110
10108
10106
10088
10074
10073
10062
10061
10039
10026
10010
10007
10005
9973
9966
9963
9963
9960
9956
9948
9942
9930
9921
9921
9919
9918
9912
9910
9907
9906
9880
9819
9801
9796
9786
9765
9759
9728
9711
9708
9707
9696
9689
9684
9679
9659
9650
9648
9640
9619
9615
9607
9596
9582
9582
9564
9564
9563
9556
9553
9541
9523
9512
9490
9469
9464
9459
9449
9435
9432
9430
9420
9407
9403
9396
9393
9389
9386
9345
9336
9327
9320
9317
9299
9296
9275
9270
9261
9255
9252
9251
9248
9248
9245
9241
9224
9222
9209
9205
9203
9203
9194
9183
9180
9155
9153
9140
9136
9130
9117
9113
9112
9111
9111
9102
9077
9061
9059
9052
9047
9040
9023
9022
8994
8981
8974
8973
8971
8965
8965
8959
8946
8932
8906
8900
8887
8886
8871
8868
8859
8849
8845
8845
8825
8819
8815
8812
8807
8792
8783
8783
8778
8769
8744
8713
8713
8696
8694
8679
8678
8660
8658
8657
8652
8649
8640
8637
8635
8628
8623
8611
8597
8591
8587
8562
8545
8537
8531
8498
8497
8485
8482
8471
8429
8425
8415
8412
8410
8401
8393
8372
8361
8361
8344
8339
8332
8328
8322
8321
8304
8300
8298
8289
8265
8257
8244
8243
8221
8220
8212
8197
8169
8140
8137
8120
8118
8112
8085
8078
8073
8070
8065
8057
8046
8041
8030
8004
7992
7988
7960
7942
7928
7898
7889
7877
7862
7857
7856
7846
7845
7842
7838
7820
7815
7809
7806
7800
7789
7743
7742
7731
7713
7698
7697
7690
7683
7668
7646
7644
7614
7612
7601
7595
7589
7587
7585
7581
7570
7567
7566
7565
7559
7555
7544
7541
7539
7539
7534
7516
7499
7498
7492
7478
7475
7419
7416
7382
7374
7374
7374
7359
7345
7336
7309
7301
7284
7283
7278
7277
7267
7255
7254
7244
7242
7204
7196
7195
7193
7190
7187
7181
7171
7159
7146
7129
7129
7127
7108
7087
7070
7068
7055
7054
7048
7045
7036
7036
7035
7029
7018
7012
7007
6995
6969
6966
6964
6924
6920
6912
6908
6904
6899
6895
6893
6878
6849
6845
6834
6821
6818
6807
6795
6794
6790
6787
6782
6775
6758
6745
6736
6688
6680
6676
6665
6654
6653
6643
6642
6621
6618
6601
6567
6552
6531
6520
6517
6511
6510
6467
6459
6450
6431
6428
6420
6420
6408
6373
6372
6370
6362
6353
6352
6347
6346
6339
6308
6308
6304
6299
6281
6278
6258
6228
6220
6211
6204
6203
6200
6192
6187
6176
6172
6169
6137
6137
6133
6131
6120
6110
6108
6088
6065
6025
6022
6011
5996
5953
5947
5937
5927
5923
5906
5895
5889
5876
5875
5844
5844
5833
5823
5809
5804
5799
5795
5786
5763
5758
5747
5732
5723
5720
5718
5678
5676
5665
5655
5655
5651
5630
5627
5616
5594
5588
5582
5574
5571
5557
5550
5525
5524
5513
5512
5499
5495
5487
5477
5476
5469
5454
5434
5433
5432
5431
5424
5406
5397
5392
5379
5370
5369
5368
5337
5336
5335
5331
5323
5313
5301
5278
5261
5258
5257
5236
5228
5227
5216
5201
5188
5183
5160
5158
5134
5117
5109
5103
5102
5100
5097
5079
5055
5053
5033
5032
5030
5027
5015
5002
4988
4954
4928
4926
4915
4908
4905
4902
4895
4893
4879
4864
4854
4854
4850
4847
4840
4839
4830
4830
4811
4793
4766
4762
4759
4757
4752
4745
4738
4730
4723
4721
4715
4701
4692
4684
4670
4643
4637
4617
4612
4590
4579
4576
4572
4566
4554
4552
4550
4539
4507
4500
4500
4492
4490
4485
4477
4464
4460
4459
4434
4411
4408
4406
4397
4395
4392
4385
4376
4369
4347
4329
4315
4300
4294
4286
4277
4277
4255
4227
4224
4223
4221
4186
4183
4174
4162
4153
4145
4139
4135
4121
4114
4108
4103
4095
4095
4094
4092
4091
4081
4065
4063
4042
4041
4025
4025
4005
4003
3996
3993
3947
3932
3929
3878
3838
3826
3823
3822
3820
3814
3807
3791
3788
3773
3771
3761
3761
3756
3725
3724
3702
3691
3689
3678
3652
3647
3642
3639
3634
3626
3614
3596
3594
3577
3573
3573
3562
3561
3559
3554
3553
3552
3543
3540
3536
3535
3519
3515
3499
3486
3474
3462
3458
3457
3450
3425
3425
3419
3416
3416
3400
3394
3392
3383
3376
3366
3360
3334
3333
3330
3329
3310
3299
3297
3276
3271
3258
3238
3233
3228
3221
3219
3219
3214
3199
3194
3189
3183
3180
3173
3167
3157
3147
3145
3136
3119
3094
3083
3076
3069
3060
3042
3025
3023
3021
3020
3006
2986
2950
2948
2946
2944
2930
2928
2918
2914
2902
2896
2870
2870
2845
2836
2834
2817
2795
2793
2792
2776
2758
2752
2748
2735
2734
2734
2713
2709
2703
2692
2668
2660
2659
2658
2647
2637
2600
2597
2597
2585
2585
2584
2564
2555
2550
2547
2545
2539
2534
2534
2522
2503
2494
2484
2471
2461
2446
2433
2432
2419
2407
2407
2391
2386
2379
2377
2368
2366
2363
2361
2359
2341
2315
2295
2290
2286
2285
2275
2269
2265
2261
2261
2234
2223
2220
2201
2186
2172
2171
2168
2166
2146
2140
2138
2126
2125
2124
2117
2114
2112
2108
2098
2097
2091
2085
2067
2066
2064
2052
2042
2041
2038
2034
2032
2017
2011
2000
1999
1993
1990
1989
1978
1946
1944
1944
1937
1908
1900
1895
1891
1873
1870
1864
1860
1851
1847
1831
1795
1793
1790
1781
1764
1763
1762
1754
1741
1719
1712
1712
1613
1577
1577
1565
1561
1499
1473
1473
1467
1466
1461
1454
1443
1441
1432
1425
1418
1415
1407
1406
1389
1383
1381
1376
1355
1349
1344
1335
1329
1320
1309
1307
1302
1301
1283
1264
1244
1238
1209
1207
1206
1198
1193
1181
1119
1117
1105
1093
1091
1080
1041
1031
1018
1015
1008
1005
996
990
982
941
938
914
895
888
882
842
841
832
823
823
821
806
806
753
746
745
728
720
719
707
704
680
677
660
657
651
635
621
612
607
598
593
565
556
555
532
527
516
507
495
475
473
463
456
450
445
436
433
424
395
394
393
389
383
379
335
318
316
310
306
275
246
209
205
185
166
164
164
152
146
120
99
45
39
35
33
23
19
2
